Eigvals	48
1.57542795686	0.620401666442	0.567721431669	0.372606149849	0.248086327043	0.167795418739	0.113591603465	0.109150576581	0.0987187236387	0.0894795211241	0.0739517716866	0.0693515865149	0.0562864836085	0.0501769992207	0.047760114138	0.0393481363959	0.0382412986271	0.0358181835747	0.0335333215151	0.0305418472612	0.0276649232042	0.026881555159	0.0229764176481	0.0209229181763	0.0199753330584	0.0188970190918	0.0171096142037	0.0160938788933	0.0143517720212	0.0135179371556	0.0125666653152	0.0113337655278	0.00914778695632	0.00896366733574	0.00722639150049	0.00651017183422	0.00617074824711	0.00446706469531	0.00388507574893	0.00298350501952	0.00202182952758	0.00155532732597	0.0010527252553	0.0	0.0	0.0	0.0	0.0

Proportion explained	48
0.334183141252	0.131600925848	0.120426281992	0.0790380119031	0.0526246012787	0.0355931224135	0.0240952934094	0.0231532533065	0.0209404263917	0.0189805870315	0.0156868076739	0.0147110065754	0.011939609057	0.0106436521868	0.0101309773638	0.00834661068821	0.00811182589793	0.00759782956042	0.00711315974289	0.00647860183828	0.00586834256598	0.00570217286399	0.00487380675893	0.0044382140674	0.00423721028939	0.00400847602894	0.00362932788854	0.00341386794623	0.00304432851765	0.002867453686	0.00266566787253	0.00240414253779	0.00194044809683	0.00190139224987	0.00153287759116	0.00138095154665	0.00130895229078	0.000947563298947	0.000824110561278	0.000632867453586	0.000428874795361	0.000329919352519	0.000223306328393	0.0	0.0	0.0	0.0	0.0

Species	0	0

Site	48	48
1100SP3-16S-V3-V4	0.00391563051699	0.0202846382466	-0.0831347108961	-0.197042268726	0.0392706499235	0.000633084592311	-0.0552521371765	0.0333721963247	-0.0974581427929	0.0677356677204	-0.0280596903857	0.00910797417575	-0.0336521656955	0.0206533709401	-0.0611843185319	-0.00629547335832	-0.0249441086475	0.0415590213866	-0.0158602652414	-0.0193912567087	-0.00317827813313	-0.00207326056248	0.0167618323154	0.000629929948568	0.0139899554126	0.0162825601337	-0.000132269782903	-0.00732437515502	-0.00361840192572	-0.014469948257	-0.000800303275722	-0.0104373979126	0.00371260100157	0.0234138095901	0.00445000478682	-0.0165479001832	-0.00616393518562	-0.00405404029631	-0.00210536827629	-0.00299619060211	-0.0101616548502	0.00271527309141	0.000500502069899	0.0	0.0	0.0	0.0	0.0
1300SP3-16S-V3-V4	0.301833961192	0.135018613421	-0.0773686701209	-0.110850598572	-0.00401009273904	0.000992244876146	-0.0414795376004	-0.0290506030124	0.0267451785959	-0.050227548413	-0.0625065718036	0.0175958311271	0.0177233981945	-0.00605152314035	-0.0024375914409	0.0287978735955	-0.0217241589733	0.0254122755242	0.0427871534485	0.0296778238583	-0.0357948805829	0.00855583164311	0.00674885969447	0.0328337721987	0.0421201487582	0.0440789481255	0.031692345439	0.0278977611233	0.00319785037364	-0.00561133859042	0.00663921246286	0.0153406007522	-0.00824804940135	-0.00677260334537	-0.00345891307627	-0.013691066873	0.0128535093798	0.00416539887339	-0.00328618207238	0.00161897100719	0.00518463899113	-0.000447628838105	-0.000626354823625	0.0	0.0	0.0	0.0	0.0
1500SP3-16S-V3-V4	-0.0766789295822	0.0838373913032	-0.149460463501	0.0892462241639	0.00413731607037	0.0365092137663	0.0712017510603	0.0551786942776	-0.00638846509932	0.0443227439038	-0.0516565633719	0.0130893423117	-0.0203678039628	-0.000238698842893	0.0496095075555	0.0139399877847	-0.0183348273122	-0.0132791787221	-0.0108172436341	-0.00245414015693	0.0154179038405	-0.0118469099572	-0.0207162128591	-0.00750154074588	0.0128795231261	0.0165387365131	0.000343256925838	-0.00860850435267	-0.0297375765783	-0.0227161850595	-0.0124924366392	-0.0295312277606	-0.031395208684	-0.00791283944574	-0.000704386707261	0.00695516543289	0.0266499268659	-0.0015950605188	0.0200451234568	-0.00476022580503	-0.00118496369162	-0.00477045538534	0.00796850022928	0.0	0.0	0.0	0.0	0.0
900SP1-16S-V3-V4	-0.106947178709	0.00278189255225	0.137033301064	-0.119960876593	0.0198975904643	-0.042245423553	0.0154762268843	0.0185942051075	0.113047204691	0.0727695581994	0.06998089608	-0.0124230377403	-0.0254282278476	-0.0144519179966	0.031166693911	0.0619922836544	-0.0402631320036	-0.0272264255939	-0.010685536293	-0.0473967753856	-0.0686218544471	0.00454370197109	0.0248044267638	-0.000109267655998	-0.00232469522443	0.00893948142268	0.000768065441568	-0.0155133916024	-0.0104587608299	0.0181977227618	0.0164880247049	0.0144396208959	-0.0149071564893	0.000656820207645	0.0081342961221	0.0032738907985	-0.00124203290327	-0.00788389285148	0.00133587555202	0.00108042874221	-0.00278689059258	-0.000244450489533	0.00070185313989	0.0	0.0	0.0	0.0	0.0
600SP4-16S-V3-V4	0.186310725764	0.124925640665	0.209659451842	0.0288361924912	0.0551326941615	-0.0879552637652	0.0443712731013	0.073826876269	-0.0296937523044	0.0026276755031	0.0159283732899	-0.0265223435058	0.0270367335071	0.0995202235672	0.00709876650302	-0.0788315793327	-0.00972336657787	-0.0253765229929	0.00280360656267	-0.0110954561036	-0.01409854165	0.00751754700833	-0.00227891087087	-0.0127994341371	-0.0224179337303	0.050745789978	-0.0162648464073	0.0107594649653	0.00761271985585	-0.0107047989606	0.00309793333862	0.00333886172759	-0.00831125422129	0.00397384506987	0.00382384587619	0.000549916902961	-0.000264106789934	0.00242183922128	0.000219778957649	-0.000558231207274	0.00478887990133	0.00427719744385	-0.00256413684521	0.0	0.0	0.0	0.0	0.0
200SP4-16S-V3-V4	0.212072132478	-0.0542483228276	-0.0252963281455	0.0634742340618	-0.197692649464	-0.0225489500808	-0.0370420104711	0.056694978931	-0.00819263971429	0.0474460174561	0.00589191905451	0.039149487371	0.0484935757566	-0.0224709984681	-0.0462887420345	0.0194293845463	0.0503167213361	0.0112171695385	-0.00896951234218	-0.00455226559802	-0.0595229697127	-0.0287578355148	-0.011831961985	-0.0201861658452	-0.00263192901004	-0.017680846989	-0.0104464737185	0.00934085741348	-0.0166679183355	-0.0292260809037	-0.0220236522085	-0.00337344686716	-0.00339316097093	0.00825898800543	-0.00214503310546	0.000584116725326	-0.00479156766982	-0.00830888025799	-0.00807757638809	0.00732270227189	0.00535061381169	-0.00181160750019	0.00165727321221	0.0	0.0	0.0	0.0	0.0
1500SP2-16S-V3-V4	-0.0713127817892	0.139527153458	-0.13972791764	0.0799462028839	0.0548987774135	0.0237517523746	0.060666363115	0.0911605252472	0.0368053103082	0.0850376438976	-0.017435622803	0.057578798839	-0.0117600364003	-0.0380986635106	-0.00690622483083	-0.0275473383691	0.0227383634845	-0.00388275769277	0.0013492665709	0.0818424587167	-0.00739008480203	0.014829644617	0.0376591841449	0.0112522090089	-0.0192579969785	-0.00156905888912	-0.0073883641421	0.00954958644432	0.00796619563522	0.0359908454265	0.0136789016404	-0.00148356987388	-0.000922014802241	0.017467146995	-0.0103083707818	-0.00198622016969	-0.00855184703254	-0.000356591556045	-0.00670408649259	-0.00319593351595	-0.0033375379635	0.00477533165462	0.00365849568022	0.0	0.0	0.0	0.0	0.0
300SP1-16S-V3-V4	0.475818253899	-0.122351017219	0.0311418273972	0.00130860275259	0.0648624563332	0.200304961152	0.0517410295597	-0.0258778563051	0.00584130488099	-0.039285556137	0.017889037197	-0.0217387113238	-0.0154224163375	0.0211607469193	0.0203815608612	-0.00846416567287	0.0202782497896	0.00649017613013	-0.010319122614	-0.00401186469437	-0.0304814611966	-0.0138054622231	-3.88511617024e-05	0.0170878940723	-0.0506667327	-0.00542214435811	0.0156580329854	0.0241116584933	-0.0289331717567	0.0134889459043	-0.00249796603742	-0.0238439894243	0.00549360978448	-0.00148519277693	0.00570453024539	-0.0106713818581	0.00129865058872	-0.000733740965355	-0.00182140061766	-0.000220897349462	0.00149900064022	-0.00092171262203	-0.00256785547838	0.0	0.0	0.0	0.0	0.0
1100SP2-16S-V3-V4	-0.07835927566	0.0277676337072	-0.10179789634	-0.0714378762994	0.00151597836351	0.00140045828796	-0.0555672834327	0.0400340938179	-0.040462119168	0.0142614540607	0.00961708637908	0.0195656984381	-0.0159124929575	0.0547572428285	-0.0447194830936	-0.0259829621944	-0.0198091394741	0.00965200689165	-0.013487010281	-0.0104834298018	0.00613349278061	-0.0156191031504	0.00738565089771	0.044954777642	-0.0184472485478	-0.0478397452974	0.00151261999019	0.00292076607017	0.012443481609	0.00174431389901	0.0341152355878	-0.000319554048405	-0.0162668842358	-0.0131561603713	0.00209424832459	0.0214667582514	0.00156669775753	-0.00755180850273	0.00580825555895	0.0015279680417	0.00797880813697	-0.0134898984748	-0.00313377092739	0.0	0.0	0.0	0.0	0.0
500SP1-16S-V3-V4	-0.0619003514619	-0.177880782873	-0.0787840507489	0.00578241993402	0.0592230862918	-0.0544216248284	-0.0170271758152	0.0152667261731	-0.0114506938075	-0.0219316216403	0.00678781451702	0.00366664014655	-0.00974962839183	0.014806529664	0.00781995261714	0.0340890246603	0.0419494115603	-0.0347628110247	0.015307963494	-0.00285968839399	0.00737509357569	-0.0025642212186	0.0324228488317	-0.0145941174996	-0.0103669054817	-0.0151391811885	0.0172285468448	0.00170980313856	0.00166382986606	-0.0281250602811	0.0342522481376	-0.0134093850755	-0.017458975821	-0.00420136734406	-0.0132313934577	-0.00645995891172	0.00532643481268	0.033392353108	-0.00255685438208	0.0151444894373	-0.00872254471401	0.00577320720281	-0.00403558362138	0.0	0.0	0.0	0.0	0.0
800SP4-16S-V3-V4	0.0626823900255	0.027334475092	0.0459700749663	-0.0187686834191	0.0365756784675	-0.120157934338	0.01207736359	-0.0216764781745	-0.0289325810206	0.0395387515973	-0.061108838052	-0.0749818565078	-0.0449085581065	0.0209930204268	0.0205292973137	0.0447922560106	0.038326931631	-0.0143479664122	-0.000940162829337	0.0217608513356	0.00661086453212	0.0473997156914	0.0159294990159	-0.00381779737941	-0.0175590852096	-0.0321961638032	0.0352776772514	0.0104627008768	0.0283060693476	-0.00678848254609	-0.025199470984	-0.0121243821598	0.00465853060856	-0.0073691081406	0.0133586377447	-0.00654078644941	0.00262224862824	-0.022480096726	0.00167369654614	0.00231539685797	0.00638469642874	0.00183532661921	0.000719303745052	0.0	0.0	0.0	0.0	0.0
1300SP2-16S-V3-V4	0.189093685893	0.126988865891	-0.13535597105	-0.0154681515024	0.0206550679074	-0.0374050336909	-0.0693348144243	-0.060246669118	0.0690784689524	-0.0611318676569	-0.0274934223061	-0.0588883038146	0.0392221699772	0.0236799083082	0.0286972306266	-0.0059087630517	-0.0627158748213	-0.00918023411219	-0.0473754821104	0.04174358629	-0.0277445641307	-0.0302715026178	0.00377467841677	-0.00456404843853	-0.020606793623	-0.036274854889	-0.0113860239608	-0.017327950742	0.00500898240607	-0.0132409843036	-0.0126969280619	-0.00271252385058	0.00354600721453	0.0155793218642	-0.00662034914183	0.0120345342952	-0.00439821672334	0.00614061634023	-0.000640154596436	-0.00216491916327	-0.00658818398864	0.00486301581008	0.00421530797543	0.0	0.0	0.0	0.0	0.0
300SP3-16S-V3-V4	0.119582041547	-0.212748855859	-0.0499168792866	0.091758961372	0.115691719581	-0.0324309768223	-0.0279435778032	-0.0933783171259	0.0105552092773	0.118652229555	0.0447253277249	0.0940336576152	0.0343473932372	0.0261572939439	0.0682061555309	-0.0334375936099	-0.0196862757008	0.0163735014737	0.0131666101417	-0.00271515353129	0.014849622288	0.000372024752629	-0.0172367261226	-0.0109289428458	0.010686702994	-0.0106295891408	0.0272138509621	-0.004441800151	0.00669641021041	-0.00463854751566	-0.0149838088667	0.0106424166619	0.00565415405377	-0.00177684048516	-0.0014178897173	-0.00323715918378	-0.00311277497084	-0.00251618307031	-0.00665846834878	-0.00256892708393	-0.00317078932935	-0.00230572433605	-0.000930210050901	0.0	0.0	0.0	0.0	0.0
500SP3-16S-V3-V4	-0.0620460072914	-0.222929450459	-0.116445804779	-0.0414938265743	0.158636185752	-0.0511459809593	-0.0310774715141	0.0168668209149	-0.047272151007	-0.011998522799	-0.0261156071247	0.0118514953217	0.0310327207313	-0.0223574806423	0.0143965056117	0.0205680911865	-0.00894327315388	-0.0356227565364	0.00204851244043	0.0385814717166	-0.0130730911516	0.00335457929437	-0.0370649751734	-0.0129903894602	0.00272905463809	0.00650991877062	-0.0314288288049	0.0104758257258	-0.0265443992733	-0.00957728545676	0.0151360419192	0.0135512094286	-0.007068962437	0.00422445160751	0.00954760242067	-0.00324968356486	-0.0121955583882	-0.00931894787524	0.00118349049125	-0.00463655752853	0.011153090927	-0.00155141508369	-0.00710607283462	0.0	0.0	0.0	0.0	0.0
900SP3-16S-V3-V4	-0.209512356677	-0.0345960970374	0.136052501367	-0.00692683270867	-0.0221232877399	0.0311760588429	0.0303154857945	0.000746407062661	0.0697398669802	-0.00212249910213	-0.0207702310284	0.0108849520504	0.0142942332157	0.0179007908934	-0.00427344994099	0.0155295486117	0.0214764207659	-0.0091419496993	-0.0900031870665	0.0383186817737	0.0307433584327	-0.0272800393507	-0.0188321866223	0.0332472090592	0.0242829729391	0.0152486953018	0.0123853323909	-0.0148696489246	-0.00123222366911	-0.0122534738473	0.0206953422417	-0.00357330073731	0.0167731001212	-0.00453414584846	0.025264337226	-0.0181318829311	-0.00408401714359	-0.00182456085451	-0.00197037018334	-0.000580510728469	-0.00375444903334	-0.00300966661477	-0.00457172966553	0.0	0.0	0.0	0.0	0.0
1400SP4-16S-V3-V4	0.213336249158	0.061190862767	-0.151570786887	-0.10502813941	-0.00950348123305	-0.0234770773035	-0.0495822795388	-0.0346305681862	0.0492908911785	-0.0121341255293	-0.0591230588743	0.0490613192305	-0.0295017580668	-0.0497352525309	-0.00925977241931	0.00384219113802	0.00583707210329	-0.00373285301763	-0.00576251739161	-0.0440553035858	0.0308031367303	0.00631477201187	-0.0489534693412	-0.0150944842932	-0.0492971358154	0.0297882569866	-0.0115213764494	-0.0314807806942	0.0242223068493	0.0225273914687	0.00733680385498	-0.0170705661449	-0.00593636799283	-0.00276082346363	-0.000137909097681	-9.44210853182e-05	-0.00355879146199	-0.000511815979492	-0.00155995193684	0.00143188874431	0.00471873203101	0.00563226558342	-0.00331713193856	0.0	0.0	0.0	0.0	0.0
1000SP4-16S-V3-V4	-0.185299895643	0.0536721053573	0.149624613424	-0.100056173076	-0.0355815416549	0.0805101718565	-0.037497364215	0.0113145731857	-0.0242395349814	0.0271393773447	-0.0062112027595	-0.013123354398	0.00961107984221	-0.00279469002764	0.0102994562962	-0.023001990821	0.019960726251	0.0244540882154	-0.0144280866456	0.0206225754239	0.00515102153393	0.00175173543028	-0.0121873788461	-0.00378946128822	-0.00500232202218	0.0182222449718	0.0585058763737	-0.0284755146938	-0.015763549786	-0.0134993744594	-0.00948778418814	0.00888481829125	-0.0162062107633	-0.0137027934138	-0.0139049905404	0.0292133552813	-0.0173735234906	0.00189980846066	-0.00655307804183	0.000590353042121	0.00114743150822	0.00983801949879	-0.000251541305531	0.0	0.0	0.0	0.0	0.0
1200SP4-16S-V3-V4	-0.202489607303	0.0618345045703	0.0526634007715	0.0179963941685	-0.0375944476305	0.0553696016389	-0.0016106686	-0.0542234161202	-0.0319206738368	-0.0143644992886	-0.0240090990276	0.0202218608472	0.0293431268938	0.0338636411294	0.00299906854544	0.0180857077553	0.0216085436973	-0.0358061834345	0.00896401963254	-0.0145968680805	0.0127402031085	-0.0607307376946	0.0377541311093	-0.0139958672085	-0.00694415801223	-0.00260080290377	-0.0134194204558	-0.0166629223005	0.0126433425673	-0.00143937512484	0.00219821192768	0.0171565598315	-0.00250477706761	0.00348995668585	-0.02591010895	-0.0233474752802	0.0135523489458	-0.0195310899822	0.00452838202882	-0.0135331563098	0.0023211413814	0.00829414525744	-0.00300963604721	0.0	0.0	0.0	0.0	0.0
900SP2-16S-V3-V4	-0.100566241267	0.00618949124346	0.0902874348296	-0.0761882572825	-0.0232375986949	-0.0389861014451	-0.0175081223334	0.0105672626621	0.0431621039324	-0.000557840356515	0.0523228717069	0.00957197468291	-0.0194860746135	0.00537766344125	-0.0118644561292	-0.0132287964635	0.0173969661816	-0.0480682568016	-0.00117020855478	0.0288470059856	-0.00393979961533	0.0200930385621	-0.0345509244631	0.0460512569485	0.0250311328694	-0.00839183544443	-0.0286631654739	-0.0052737862361	0.00697068619759	0.000842906661861	-0.0369379537572	-0.0128212216077	0.00280755205596	-0.00216775998498	-0.0217727648113	-0.00412851932539	0.000928889160533	0.0131371167989	0.00739920496289	0.00500249984629	0.00923347898611	0.00330982395742	-0.00130926508082	0.0	0.0	0.0	0.0	0.0
500SP2-16S-V3-V4	-0.127301847382	-0.195594173371	-0.0815981865652	0.0325107638421	0.0530167106713	-0.0381324056657	-0.00294610791051	0.0131296774345	-0.0195595108964	-0.0694551355618	-0.00302102916744	-0.0107192791088	0.0143195556812	0.00254773325288	-0.0130533968567	0.0228520474083	0.0319251918957	-0.0136022827841	0.0359873572947	-0.00653370244191	-0.0167252396037	0.00970518519397	0.0220323678016	0.0402222917158	-0.0102242328079	0.0383841882608	-0.00937711524076	-0.0206485501548	-0.00622948431997	-0.00246778923556	-0.0202332612568	-0.0138091189594	0.0182133372	-0.00954426045394	-0.0062357590071	0.0229410673572	-0.0136714790764	-0.0103539402506	0.000639643401878	-0.0142590911843	-0.0156992310942	-0.00511358836565	0.000543606885539	0.0	0.0	0.0	0.0	0.0
1300SP1-16S-V3-V4	-0.156456367949	-0.00681347976632	-0.137283491908	-0.0158838185129	0.0199513353138	0.0212991162307	0.0238660438242	0.0295313267123	-0.0255998797946	-0.0296780608425	0.063328777141	-0.0198865265199	0.0144885941996	-0.00273235549286	-0.0271643874071	-0.0220768538045	-0.0537818969188	-0.00111497109434	-0.00806543359384	-0.0220534881342	-0.00804637988905	0.0472995305525	0.00574315087676	-0.0134423669465	0.0134115552956	-0.0147495179737	0.0198324309165	-0.0308728219954	-0.0210419434508	-0.00183287522351	-0.00122495526374	-0.0276303295689	0.0237086165719	-0.00176787341461	-0.0101032321315	-0.0286945839773	-0.00278793348407	0.00108758126077	-0.000910263322827	-0.000753757139296	0.00840492815901	0.00259802972129	0.00323669576589	0.0	0.0	0.0	0.0	0.0
1100SP1-16S-V3-V4	0.0312022228734	0.0919513278302	-0.0715229657069	-0.0394820425282	-0.0250537421865	-0.05992129599	-0.0336359938101	-0.0119600173246	0.00101182941337	0.000692824814321	0.0191457754844	0.0208727210932	-0.0493016569969	0.0365784328665	-0.00419004627062	0.0098808920544	0.0171305353546	0.00536949676117	-0.00366790158518	0.00475364899322	0.02391556348	0.00816906987282	-0.00634524888456	-0.0133715026675	-0.00425885446479	-0.00344825887814	-0.0174480075928	0.0184715971429	-0.0492888944795	0.000531368622263	0.0132903216585	0.023997676954	0.040546859171	-0.0112205851978	0.0125290891578	0.0177411629955	0.0239999367761	0.00181515224689	-0.00533741129502	-0.00216826629996	-0.00247984522282	0.0105351846292	0.00563420174143	0.0	0.0	0.0	0.0	0.0
1500SP1-16S-V3-V4	-0.157335080137	0.0588077202277	-0.13662645108	0.09111244759	0.0026136376655	0.069193550446	0.100705480165	0.0460085851932	-0.0180928726496	-0.00624035255807	-0.0370027167743	-0.000158657540251	-0.0238990622394	0.00724257753005	0.0194850966427	0.0312434047913	-0.0316891412937	-0.0169217649653	0.00515820816459	-0.0629174208142	0.00180161125402	-0.0128246159023	-0.0264498048957	0.0283089978403	0.0190953204332	-0.0192772268054	0.0048348930978	0.0348177175985	0.0202344503879	-0.0131910292722	-0.0107125767899	0.0154534176281	0.00913707069948	0.0161852616114	0.00561961679508	0.0117900484489	-0.0213941825855	0.00606024024232	-0.00809339632336	-0.000986923667054	0.00159221967862	0.011975474863	-0.00347537024651	0.0	0.0	0.0	0.0	0.0
300SP2-16S-V3-V4	0.420602438917	-0.112913673693	0.0154633628227	0.0232208020176	0.0755969780719	0.123364888576	0.00643515346399	-0.018831627438	0.0253522015259	0.0171355537723	0.0023562767286	-0.0173206684658	-0.0494462153512	0.0275134982848	-0.0075035691839	0.010624580154	0.0479785845441	0.0278528921119	-0.0270323890138	-0.0081230949669	-0.00400857631697	0.0300205038416	0.0148593351585	-0.0208034927665	0.0539329098549	0.00117876254859	-0.0393414930413	-0.0246347719549	0.0297301973999	-0.0110048511743	0.0125786818922	0.00855451818334	0.00245052721174	0.00323816027743	-0.0100252682475	0.0143601156406	-0.00208972926797	0.000619145728849	0.00637815189837	-0.00123158118186	0.00482904334725	0.000123425701729	0.00349215713009	0.0	0.0	0.0	0.0	0.0
600SP3-16S-V3-V4	0.194068499078	0.192782786537	0.229025670942	0.166465025734	0.072463120994	-0.0260616229495	-0.0599654001445	0.092110473676	-0.0790364070996	-0.100194757966	0.0449949337586	0.0542535076988	-0.0734831890357	-0.0339591499106	0.0356615775197	0.0281472062164	-0.00906410593267	0.0169544367012	0.0116328444913	0.0155188856069	-0.00477738456274	-0.0173662096973	-0.0223430415434	-0.00790067635577	0.00541867278907	-0.0191254656451	0.0107763609816	-0.0251391717852	0.000773391550336	0.00375268105315	0.00302894006037	0.00841199146188	0.00133696346208	0.00437709323882	0.000358047478718	-0.00798648265272	-0.00599880254358	-0.00437088835244	0.00326685387589	0.00111932360799	-0.0049982622931	-0.00251833891476	-0.000921350499389	0.0	0.0	0.0	0.0	0.0
200SP3-16S-V3-V4	-0.0708890603232	-0.171870728155	0.0385997744686	0.117651214248	-0.137443437645	-0.0193281205955	0.00259933578611	-0.0302517165889	-0.0086721451908	-0.000380967019576	-0.0179800870064	-0.0488004128796	-0.0460368637387	-0.00284228759538	0.0320046517204	-0.0327010487074	-0.0339315530605	0.0452533334988	0.0207314020807	0.0113522671162	-0.00200511513675	0.021651372608	-0.00574182740456	0.0349044576767	0.00348645521021	-0.00446252471488	-0.0275145818546	-0.020166550665	-0.00162057144172	-0.0010667634216	0.00303933685314	-0.0025047284793	-0.0204805643907	0.0160503646663	0.00184976449843	-0.00368723252243	0.0230123019623	-0.0051726120858	-0.0215309222017	0.00163708501026	-0.00657659099675	0.00220016352024	-0.0070027886648	0.0	0.0	0.0	0.0	0.0
800SP3-16S-V3-V4	0.0635132873369	0.0288249781942	0.129505063552	-0.00296421320744	0.0920413948741	-0.113441080098	0.0559840053352	-0.00548104167906	0.077189793571	0.0459982595103	-0.0634547711242	-0.0767050424866	-0.0171542079439	-0.0390970392829	-0.0338572703461	-0.0434520433861	0.0262138165084	0.0401509125264	0.044749210521	-0.022989701481	-0.000748987962419	-0.0553504631488	-0.0202605315209	-0.00380465446015	0.0166815415259	-0.0246637801032	0.00344254973673	-0.00137108794289	-0.0204393040279	0.000972596942255	0.0108204534912	-0.00731144669864	0.0112468575775	-0.00285638955564	-0.0100060399144	-0.00608911168356	-0.00820295401819	0.00757127340595	0.00552013190719	-0.00768699470534	-0.00188974512857	-0.00332470346526	-0.00138669502775	0.0	0.0	0.0	0.0	0.0
1100SP4-16S-V3-V4	-0.0305928195986	0.040370093036	-0.0593272805257	0.00928391374715	0.00682827065642	-0.0758333686268	0.0223345483167	-0.0315489788471	-0.00898404519534	-0.0147307111178	0.019098413131	0.00358486662178	-0.0519998985662	0.0309387139108	-0.0115851995308	0.026128038554	0.00488931854539	0.00988322022775	-0.0651878368324	-0.0161090539883	0.0239036092753	-0.0161830018728	0.00608917308043	-0.0146481913283	0.0010424410393	0.0228558204754	0.000842101984448	0.0298280689441	-0.0130325521895	0.0293776955383	-0.033246428952	0.00667231787893	-0.00970181064674	0.000473495426149	-0.0284616256873	-0.00406929591789	-0.00402722923977	0.0055755239764	-0.0155567327942	0.00472659385071	-0.00218075763367	-0.0135523789617	-0.00255327844047	0.0	0.0	0.0	0.0	0.0
800SP2-16S-V3-V4	0.240102409528	-0.123360015462	0.0513671830934	-0.253343247628	-0.0964213924013	-0.00791512269247	0.135906692871	-0.0510711883739	-0.0559866099208	-0.00364387902789	0.0676553949848	0.0272994633356	-0.0456468622854	-0.0450332105074	-0.0193266865827	-0.0131681604631	-0.0286462550402	-0.0314510432187	0.0253914190173	0.0359700403581	0.0191576526168	-0.029037594735	-0.00193978816005	0.0017993478237	-0.00606465295609	-0.0101981004608	-0.000148456482362	0.00209046841682	0.00823688007264	-0.0102014062061	-0.0043998779234	0.00895999803028	-0.0033237427699	-0.00671612031951	0.000527398245122	0.00427793369899	0.00239953025134	-0.0031818991389	0.00411898511866	-0.00161370409683	-0.00342707651732	0.0023827737583	0.0012828638769	0.0	0.0	0.0	0.0	0.0
1300SP4-16S-V3-V4	-0.0725809979502	0.11119480827	-0.0987777258623	0.0292383104896	0.00333252387073	0.035431365344	0.00871680379359	-0.0309023418137	0.00359775136747	-0.0175693293207	0.0634938605801	-0.0537397187923	0.0314269470208	-0.021091235766	-0.0461386475507	-0.0166305279733	0.021502146928	-0.0191562834157	-0.0132084302682	0.00564797019196	-0.014996476552	0.0376501690129	-0.0532250619121	-0.0323219502491	0.0134908840323	-0.00435807648635	0.0234596324653	0.0267493251168	0.0150328012548	0.00477460255669	0.0168214871381	0.00813552414682	-0.00741207562348	0.012822007835	-0.00982772838972	0.0060087599374	0.0146227228911	-0.0118001393145	0.00954481334763	-0.00544733889763	-0.0165900679387	-0.00205473467636	-0.00711500100464	0.0	0.0	0.0	0.0	0.0
1500SP4-16S-V3-V4	-0.0545651115062	0.113763713447	-0.156033019042	0.0847805540834	0.0150785898216	0.0076940450879	0.0779920986776	0.0223929104823	0.015863047075	0.00304108985417	-0.0014698237539	0.0128550688896	0.0115336620031	-0.01826076865	-0.0105184885086	-0.0137959416184	-0.0212325922463	0.0185363171948	0.0058803594239	0.00408287922011	-0.0283253563689	-0.0109328594301	0.0160288127216	-0.0129683515196	-0.012444866316	0.0122751733957	-0.000625922901933	-0.0254560802487	0.0270558656601	-0.0185581893929	-0.00803352531302	0.0166783318781	0.0300177647849	-0.0389422424377	-0.000216744014173	0.00348585484287	0.0131994387654	0.000689127943322	-0.00248515716982	0.0131125125311	0.00193730253865	-0.00679518242392	-0.00800738955465	0.0	0.0	0.0	0.0	0.0
200SP2-16S-V3-V4	0.0780375329274	-0.13197839111	0.0165311743288	0.106934709797	-0.21068507028	-0.0530453110455	-0.0126751604424	0.0498784168015	-0.00443343468134	0.0260833742517	0.0261372884743	-0.0236599751427	0.0141540096803	-0.00965887102393	0.0233844235997	0.0306978086714	-0.00464644334173	0.0213449721975	-0.0136563666724	0.00217535071752	0.00874687886083	0.00753871365189	-0.00109996826552	-0.00750453007697	-0.0118343748862	0.0176905934985	0.0130695118802	0.00695704684916	0.00884039371606	0.0107946759982	0.0268843491149	-0.0163654501229	0.0179964319449	0.00120743139738	-0.00716482858803	0.00407606837817	0.00147597772704	0.00618874004456	0.0047785064093	-0.014351299194	0.00849528552539	0.00271073452915	-0.004833274731	0.0	0.0	0.0	0.0	0.0
1400SP1-16S-V3-V4	0.0320772828503	0.0779115024217	-0.120100970425	-0.0073824578965	-0.0999745386587	-0.0187742256393	-0.0376787201985	-0.00657742918487	0.0353238802655	-0.0308348354183	0.0162555813004	0.0428942903439	-0.0068731849742	0.0312381087811	0.0227172916992	-0.0336293959615	0.0438932024064	-0.0134176077586	0.0189512028173	-0.0276908216373	-0.0110037359565	0.016879436187	0.00234122973467	0.0186303190804	0.00533182217681	-0.0208725571969	0.0169870590281	-0.00316621961368	0.00430617919332	0.00732505147573	-0.00412498597077	0.0160251360079	-0.0096137864665	-0.0070335062665	0.0126033582373	-0.0135270831244	-0.00403880219911	0.0137272834189	0.00356820778529	-0.0244175825645	0.000441493360235	-0.00465823107737	0.00392525072438	0.0	0.0	0.0	0.0	0.0
1200SP1-16S-V3-V4	-0.176746377167	0.106176879957	3.93440935231e-06	0.0254280011617	0.0622682786997	0.0497951264842	0.0234408759839	-0.0524208465864	-0.0314915604077	0.0241408557776	0.0333695568024	-0.0632141063507	0.0203068542641	-0.025223619044	-0.0162160623192	0.0362856393024	0.0229608019069	0.0121976193941	0.0233721870792	0.0048824819409	0.0219413287379	0.010467830993	-0.00349049637635	0.0141721721958	-0.0366297250101	0.00899086389604	0.00174667315899	-0.0272444907608	-0.0123524549115	-0.0115624237222	-0.00292351958791	0.0338710424508	-0.000731618340153	0.0337957781003	0.00347963912133	0.00090351249739	0.00808296797731	0.01500962191	-0.00443227028901	-0.00205379330967	0.0137386223837	-0.00952164568314	0.00313699683859	0.0	0.0	0.0	0.0	0.0
1000SP1-16S-V3-V4	-0.157852994833	0.0525487820102	0.127306409275	-0.0497788439025	-0.0435165646545	0.0444949706401	-0.0325398058456	-0.0372744719451	-0.0204587505337	0.0254044814076	-0.0149582927715	0.0325522630893	-0.00914749620203	0.00911161189935	0.00101970197347	0.0127349637481	-0.0204332560825	-0.00989727636843	0.0252577550744	0.0186048489696	-0.0120625708596	-0.0121319484779	0.0150434024191	-0.0367652246564	0.00283643413892	0.00848421682831	-0.00320655866998	0.00904966010225	0.0221003791053	0.0041091584723	-0.018927862936	-0.0282318943838	0.0175002248101	0.0249526619385	0.0263763163329	0.0124953211883	0.00326281785576	0.0212557219948	0.00929157844921	-0.00444309515758	-0.00216693911811	-0.00862157664823	-0.00537775469556	0.0	0.0	0.0	0.0	0.0
600SP2-16S-V3-V4	-0.169334755126	-0.128316135453	0.119918170649	0.0362974900407	0.00879531884699	-0.0198729539759	0.0870367498053	-0.0118258483343	0.0744902762518	-0.0822706021148	-0.0276294307589	0.0734712760909	0.0321571554914	0.0767503291928	-0.0711621541628	0.0371528812697	-0.0227399091301	0.037449651269	0.0361387677215	0.0137364347862	0.00728662023062	0.0130645947246	-0.0179090882064	-0.024113728488	-0.000344847898167	-0.0139927745676	0.0119998854581	-0.00749631601487	0.000520758467831	0.0176571535804	0.00434708453986	-0.00863966451092	-0.0102520077785	0.0103056308847	0.00012685230885	0.00809090607095	0.0016906203149	-0.00615253049672	-0.00330343434197	0.00391467726405	0.00350806907563	0.00159781075874	0.00598436810981	0.0	0.0	0.0	0.0	0.0
1400SP3-16S-V3-V4	-0.0350704999898	0.0618885160453	-0.0963791218961	0.00315649425097	-0.0643982384076	-0.0054901598126	-0.0120496243411	-0.0240080337351	0.0604529767762	-0.0395928359062	0.00971067554112	0.0213887591578	-0.00208263846787	-0.00210467152308	0.0261757622146	-0.0408735855997	0.030339382109	0.00678326950104	0.0197823793249	-0.0175358547238	0.0283045915034	0.00969038336484	0.037760466932	0.0051367307566	0.00978520220987	0.00268342496451	0.00338439120604	-0.00343839360264	-0.0311764730207	0.00176572759785	-0.00956849490505	0.00476329091182	0.000472684880148	0.0264579310932	0.0104983134384	0.00244514229885	-0.0105224859661	-0.0144409445223	0.0227968640349	0.0227893201997	0.000453840814727	0.00166479984813	-0.00866280880105	0.0	0.0	0.0	0.0	0.0
1000SP3-16S-V3-V4	-0.229488119755	-0.0529049995667	0.0696455665532	-0.120049537391	-0.0118138595637	0.0880543321993	-0.0328424039482	0.041965266674	-0.0123277495761	-0.0259580053998	-0.066053394715	-0.0249900408646	0.00139096682773	-0.0149199036769	0.0390361814186	-0.0196630583381	-0.0130261918989	-0.00661082310254	0.00860702939835	0.00491935557967	-0.00145172687367	0.0127867232376	0.0193056785607	-0.0416062898819	0.0242234628154	-0.0253412858951	-0.0112075880242	0.00913074717973	-0.0175329187083	0.0320351006568	-0.00803230291195	0.00381334236815	9.03349657646e-05	-0.0183683805876	-0.00708192437217	0.00740333037921	0.00180051247206	0.00228873864353	-0.00738038036431	-0.00502882512414	0.00580286020116	-0.00245092194745	-0.006917660046	0.0	0.0	0.0	0.0	0.0
1200SP3-16S-V3-V4	-0.0826719498156	0.164990549822	0.0243370527393	0.00441501300799	0.0430857569643	0.00861478439674	-0.0372620664506	-0.0527375235575	-0.0275504373527	0.0376708975704	0.0790714756057	-0.0199891466746	0.0530078529279	0.00371153348225	0.0284176217904	0.0461336798258	-0.00948431740919	0.0633314292761	0.024656932892	0.00506851407825	0.0218347074902	-0.0174695549471	-0.000873033610553	0.0239322696043	0.00473380359918	0.00347345455835	-0.0253980368191	0.0285867672116	0.00514167152895	0.0100806983672	0.00907340505899	-0.0292638108452	0.00083216357975	-0.0157448396277	-0.010543283098	0.00279460486667	-0.00671628310583	-0.00388618937724	0.00922199237395	0.00360606051207	0.00186876429179	0.00554609277611	6.46606858622e-05	0.0	0.0	0.0	0.0	0.0
300SP4-16S-V3-V4	0.363996997825	-0.0683159491999	0.0533211784252	0.133966967378	-0.00888329912058	0.0690207006239	-0.0927633600992	0.0737194106489	0.0514089941035	0.0544971497073	0.000900421778036	-0.047421016899	0.0242719052306	-0.00338634946262	-0.0691104455882	0.0191909765121	-0.0515164648908	-0.0590356574192	0.0323627997064	-0.00180441875125	0.0670487330177	-0.00379832088037	0.0118601096569	0.00490544102998	0.0048368081614	0.00206949175014	0.00739474232391	0.00075950177711	-0.0045351791455	0.00980340431336	-0.0165130186372	0.0122609712587	-0.00293390343921	-0.01024351524	0.00557979922054	-0.00231850680299	0.000854079759621	-0.000582635483909	-0.00134287464133	0.00257074840222	-0.00477107909149	-0.000520342389149	0.000100132555186	0.0	0.0	0.0	0.0	0.0
500SP4-16S-V3-V4	-0.13469111831	-0.198756906061	-0.0751768079767	0.0265030516073	0.0636924774577	-0.0270684894341	-0.0381364947057	0.0209728303715	-0.0549773697575	-0.0258912951077	0.0204894612342	-0.0368123345159	0.0150602910276	-0.0249263366015	-0.000849287219145	-0.0344470066967	0.0254342890738	-0.00854605699821	-0.0157032486395	-0.0146550765069	-0.021316589891	-0.0569111057173	-0.00392743813089	0.00920565178918	0.0236875388071	0.013600271529	0.0221744330883	-0.0031855845959	0.0240075295237	0.0462582024594	-0.0067242769709	-0.000351508158323	0.00253640252825	0.00811048737123	0.0165214981671	0.00668133243065	0.0225476939647	0.000327501286223	0.000791799295879	0.0111774204005	0.00564360671977	0.00590676941012	0.00900487508197	0.0	0.0	0.0	0.0	0.0
800SP1-16S-V3-V4	0.374513303457	0.0790232378506	0.0959637623836	-0.0669760726258	-0.0334975559268	-0.0694251046191	0.0878537366673	0.0030351985796	-0.0844103047302	-0.0155316077687	-0.0413878917702	0.0165441712167	0.118733794786	-0.0356079399635	0.0303736635833	0.00846982421061	0.00373625016717	-0.00720921355829	-0.0327598414097	-0.0283525209907	0.0249583971418	0.0301696755909	0.0178844303195	0.0138731678585	0.0180654964989	-0.0186385958297	-0.00805156196232	-0.0145698641699	-0.00576350459051	0.0195957096359	0.00836996725252	0.0026924670739	0.000147864386118	0.00433245972688	0.00167900340894	0.00706187103989	0.000182283199288	0.00587506751132	-0.00231574983299	0.003260197089	-0.00545134657548	-0.00390571659428	0.00191648266177	0.0	0.0	0.0	0.0	0.0
1000SP2-16S-V3-V4	-0.188883154907	0.0535652016215	0.13594308342	-0.0115129411811	-0.0648999588144	0.0758360071627	-0.0395538567528	-0.0406546516048	-0.0302230739531	0.0403431963085	-0.0630385833446	0.00750908919243	-0.000610874232969	0.0183124147552	0.0282854881758	-0.0104605131366	0.00866303304778	-0.0479197614817	0.0300475998239	-0.0145154028294	-0.0211479300121	0.0167690299853	-0.0381903595266	0.0105013091472	-0.0115975223679	0.0002095002838	-0.0117397512938	0.00515000161397	0.00228102025679	0.00288740618053	0.023286426979	-0.00250597248159	0.0221799236969	-0.00250229446718	-0.0141444848152	-0.0084944293756	-0.00353940337428	-0.00438695647286	-0.005416805781	0.0174370953104	-0.0082098501934	-0.00785968263753	0.00972617407216	0.0	0.0	0.0	0.0	0.0
600SP1-16S-V3-V4	-0.112705975606	0.0340120810371	0.213437146215	0.165883743832	0.078657618441	-0.0123204658674	-0.032237474186	-0.107243904013	-0.00272884164536	-0.0174439525607	-0.0214104004871	0.0599738451264	-0.0131347065977	-0.0821403746864	-0.056517074746	-0.0325393560716	-0.0179897757612	-0.0194702266645	-0.0392818681234	-0.0283385711071	-0.0123173930335	0.0250243497598	0.0347785788438	0.0145185307345	-0.00458762492515	7.60272885082e-05	-0.00082273535558	0.0269447003807	-0.0068171403665	-0.0213391309642	0.00253236916276	-0.0125407765488	-0.00578123321195	-0.00610149594455	0.00135370053603	0.00960572099993	0.00857790050619	-0.00018228345533	-0.00187332455953	-0.00607619943794	0.00552524372954	0.00425676593899	0.000828591548959	0.0	0.0	0.0	0.0	0.0
1200SP2-16S-V3-V4	-0.1416034	0.0987798724093	-0.0324510524072	0.0503716113965	-0.00809837164699	0.0279998592026	0.0127015492387	-0.0405820238672	-0.0341363104467	0.0105836262536	0.0180030806291	-0.0198194362954	0.0194274549578	0.00777951276523	-0.0316349490995	0.0088368920202	0.0265315476459	0.0216258080584	0.00338453332836	0.00511419290948	-0.0123777888301	0.00871976348857	-0.00759409769063	-0.0126303729064	-0.00360100297041	-0.00852051086125	-0.0332766689823	-0.00896737685583	-0.0025791736254	0.0152277658445	-0.0164969315339	0.0038004791135	-0.0279997025028	-0.0338316841118	0.0344335127116	-0.0152782824143	-0.0110138055835	0.00924721446883	-0.00309763346463	0.00171070507996	-0.00765969994868	0.00665598838623	-0.000265710158822	0.0	0.0	0.0	0.0	0.0
900SP4-16S-V3-V4	-0.187607706148	-0.118279705123	0.097396280073	-0.15995151405	0.0541802032674	0.029848497273	-0.0308590765702	0.118383939696	0.0734522043479	-0.04292789959	0.016241341512	0.0101049498894	0.0352863395282	-0.0403178494985	0.0321814055753	-0.0123364077169	0.00862637883775	0.0535546126079	-0.0102841301323	-0.0190994132595	0.0299928398452	0.0142440865246	0.00168972221632	-0.00378148785833	-0.0309799336205	-0.00695158604496	-0.0158077890938	0.0320074254403	0.0252819584166	-0.0281769462659	-0.018000303876	0.0121418762247	0.000616754711782	0.00155432503593	0.000168089339335	-0.0102276339868	0.0135951634907	-0.0020914097111	0.000199852631367	-0.0011864788184	-0.00525706579008	-0.00166603781567	0.00517153692631	0.0	0.0	0.0	0.0	0.0
200SP1-16S-V3-V4	-0.0899918312132	-0.196448121307	-0.00708519476752	0.0995173735011	-0.100848747356	-0.0180225844828	0.00287370896076	-0.0390092156299	-0.0306892400249	-0.0172758289913	-0.0354424086743	-0.0308142243102	-0.0282958637531	-0.0108679592512	-0.000779297113067	-0.0149540623222	-0.0406317832665	0.0247130360172	-0.0213638337597	0.015621634826	-0.00474742548216	0.00891304147311	0.00681770502554	-0.0108471967081	-0.0169922534422	0.0165826853185	-0.00193023040598	0.0170106210293	0.0049413460749	0.00365072373668	0.00705002679786	0.0318547520935	-0.00235951693213	-0.00901502841406	-0.00488263690347	-0.0104233610972	-0.0243355471083	0.00639237213565	0.026612735972	0.0039834104253	-0.000436240661861	-0.00146909188157	0.0082863940639	0.0	0.0	0.0	0.0	0.0
1400SP2-16S-V3-V4	-0.0312772521645	0.0923614855512	-0.0889756714498	0.00545965353162	-0.0468215405273	-0.00586811277431	0.00177171233661	-0.0232866276773	0.0329608040946	-0.0517482912711	0.0539430972493	-0.0369551097663	-0.013367932217	-0.0222257516868	0.0265939396206	-0.0260185590124	0.00524395716621	-0.0253783816339	0.0215104945841	0.00548778327876	0.031186972477	-0.0185413039462	0.017606109036	-0.0292862024639	0.0233029886948	0.0174353775664	-0.00398300301437	0.0115538821584	0.0101488989051	-0.0216995089693	0.0215218210321	-0.0215859550328	-0.00846735203373	-0.00119957797029	0.0122241628115	0.00264196861188	-0.0200276447404	-0.0116183009226	-0.023914076338	-0.000159367601906	0.00549901979814	-0.00688288713378	0.00818614576907	0.0	0.0	0.0	0.0	0.0

Biplot	0	0

Site constraints	0	0
