Taxon	200SP1.16S.V3.V4	200SP2.16S.V3.V4	200SP3.16S.V3.V4	200SP4.16S.V3.V4	300SP1.16S.V3.V4	300SP2.16S.V3.V4	300SP3.16S.V3.V4	300SP4.16S.V3.V4	500SP1.16S.V3.V4	500SP2.16S.V3.V4	500SP3.16S.V3.V4	500SP4.16S.V3.V4	600SP1.16S.V3.V4	600SP2.16S.V3.V4	600SP3.16S.V3.V4	600SP4.16S.V3.V4	800SP1.16S.V3.V4	800SP2.16S.V3.V4	800SP3.16S.V3.V4	800SP4.16S.V3.V4	900SP1.16S.V3.V4	900SP2.16S.V3.V4	900SP3.16S.V3.V4	900SP4.16S.V3.V4	1000SP1.16S.V3.V4	1000SP2.16S.V3.V4	1000SP3.16S.V3.V4	1000SP4.16S.V3.V4	1100SP1.16S.V3.V4	1100SP2.16S.V3.V4	1100SP3.16S.V3.V4	1100SP4.16S.V3.V4	1200SP1.16S.V3.V4	1200SP2.16S.V3.V4	1200SP3.16S.V3.V4	1200SP4.16S.V3.V4	1300SP1.16S.V3.V4	1300SP2.16S.V3.V4	1300SP3.16S.V3.V4	1300SP4.16S.V3.V4	1400SP1.16S.V3.V4	1400SP2.16S.V3.V4	1400SP3.16S.V3.V4	1400SP4.16S.V3.V4	1500SP1.16S.V3.V4	1500SP2.16S.V3.V4	1500SP3.16S.V3.V4	1500SP4.16S.V3.V4
k__Archaea;Other;Other	0.0	0.0	0.0	0.0	0.0	0.0	0.0	0.0	0.0	0.0	0.0	0.0	0.0	2.09731543624e-05	0.0	0.0	0.0	0.0	0.0	0.0	0.0	0.0	0.0	2.0549071182e-05	0.0	0.0	0.0	0.0	0.0	0.0	0.0	0.0	4.98144412065e-05	0.0	0.0	0.0	0.0	6.02990834539e-05	0.0	0.0	0.0	0.0	3.77401215232e-05	0.0	0.0	0.0	0.0	0.0
k__Archaea;p__Crenarchaeota;c__MBGA	5.13544742586e-05	0.0	0.000106213489113	0.0	0.000652457590257	8.67152271939e-05	3.5336937701e-05	0.0	0.000310060038898	0.000163375811044	5.09035377959e-05	4.48299822922e-05	0.00123439206191	0.00134228187919	0.00135749276988	0.00271943528323	0.000579430226944	0.000140075640846	0.00163621488956	0.000626697305202	0.00202734171667	0.00143463264247	0.00160235867197	0.00197271083347	0.000580479310059	0.000990883868411	0.000918312867058	0.0024940168787	0.00021931748399	0.000132718404725	0.000319744204636	0.000646691097219	0.00161896933921	0.000228011172547	0.000503947589451	0.00066538518409	0.00030898370111	0.00030149541727	0.00033706918345	0.000295712173484	0.000179823772703	0.000186699525783	0.000452881458278	0.000133014099495	0.00044636214849	0.00190390138436	0.000684462696783	0.000871839581517
k__Archaea;p__Crenarchaeota;c__Thaumarchaeota	0.0	0.0	0.0	0.0	0.0	0.0	0.0	0.0	0.0	0.0	0.0	0.0	0.00168541993068	0.00060822147651	0.00159357846898	0.00202511138113	0.000676001931434	0.000350189102115	0.000973937434259	0.000250678922081	0.00117804991644	0.000366289185312	0.00117506302611	0.000267137925366	0.000304060590983	0.000495441934205	4.27122263748e-05	0.000780954780199	0.0	0.0	3.99680255795e-05	0.000215563699073	4.98144412065e-05	2.85013965684e-05	0.000571140601377	0.000788604662625	0.0	0.0	0.0	0.0	0.0	0.0	0.0	0.0	0.0	0.0	0.000342231348392	0.0
k__Archaea;p__Euryarchaeota;c__Thermoplasmata	0.0	0.0	0.0	0.0	0.0	0.0	0.0	0.0	8.45618287905e-05	4.66788031555e-05	0.0	2.24149911461e-05	0.000118691544414	8.38926174497e-05	0.000177064274332	0.000867904877625	0.000289715113472	0.0	0.000545404963185	0.0	0.000739705761486	0.000183144592656	0.000534119557322	0.000719217491369	0.000276418719076	0.000198176773682	0.000192205018687	0.000529033883361	8.77269935959e-05	9.95388035436e-05	0.000119904076739	0.000251490982252	0.000473237191462	0.000114005586274	0.000503947589451	0.000345014539898	2.57486417591e-05	0.0	0.000168534591725	3.28569081649e-05	4.49559431757e-05	7.46798103133e-05	0.000264180850662	6.65070497473e-05	0.000223181074245	0.000225886604924	0.000280007466866	0.000167661457984
k__Archaea;p__[Parvarchaeota];c__[Micrarchaea]	0.0	0.0	0.0	0.0	0.0	0.0	0.0	0.0	0.0	0.0	0.0	0.0	0.0	0.0	5.90214247772e-05	0.0	0.0	0.0	0.0	0.0	0.0	0.0	0.0	0.0	2.76418719076e-05	4.95441934205e-05	0.0	5.03841793677e-05	0.0	0.0	3.99680255795e-05	0.0	4.98144412065e-05	0.0	0.0	0.0	0.0	6.02990834539e-05	8.42672958625e-05	6.57138163299e-05	0.0	0.0	0.0	0.0	4.95957942766e-05	0.000129078059957	0.0	0.0
k__Archaea;p__[Parvarchaeota];c__[Parvarchaea]	0.0	0.0	0.0	0.0	0.0	0.0	0.0	0.0	0.0	0.0	0.0	0.0	0.0	0.0	0.0	0.0	0.0	0.0	0.0	0.0	0.0	0.0	2.13647822929e-05	0.0	0.0	0.0	0.0	0.0	0.0	0.0	0.0	3.59272831788e-05	0.0	8.55041897053e-05	0.0	0.0	0.0	0.0	0.0	0.0	0.0	0.0	0.0	0.0	0.0	0.0	0.0	0.0
k__Bacteria;Other;Other	0.000282449608422	0.000288898060256	0.000265533722783	0.000427298254181	0.00184862983906	0.000780437044745	0.000954097317926	0.000526355365065	0.000676494630324	0.000583485039444	0.000967167218122	0.000963844619281	0.0011157005175	0.000776006711409	0.0025969426902	0.00133078747903	0.000676001931434	0.000910491665499	0.000818107444778	0.000877376227282	0.00254787540067	0.000518909679192	0.00117506302611	0.000863060989643	0.000718688669597	0.00094133967499	0.000640683395622	0.000806146869883	0.00100886042635	0.00119446564252	0.000959232613909	0.00111374577854	0.00171859822162	0.00131106424215	0.00191500083991	0.00150327763813	0.00102994567037	0.000723589001447	0.0006741383669	0.000952850336783	0.000584427261284	0.000373399051566	0.00083028267351	0.000465549348231	0.00123989485692	0.00132305011456	0.00130670151204	0.00171014687144
k__Bacteria;p__AD3;Other	0.0	0.0	0.0	0.0	0.0	0.0	0.0	0.0	0.0	2.33394015777e-05	2.54517688979e-05	0.0	0.0	0.0	5.90214247772e-05	0.0	0.0	0.0	0.000116872492111	0.0	0.0	0.0	6.40943468786e-05	0.0	0.0	0.0	0.0	0.0	0.0	0.0	0.0	0.0	0.0	0.0	0.0	0.0	0.0	0.0	0.0	0.0	0.0	0.0	0.0	0.0	0.0	0.0	0.0	0.0
k__Bacteria;p__AD3;c__ABS-6	0.000102708948517	0.000206355757326	0.000185873605948	0.000244170430961	0.000652457590257	0.000260145681582	0.000388706314711	0.000601548988646	0.000873805564168	0.000630163842599	0.00129804021379	0.00143455943335	0.00384560603903	0.00264261744966	0.00767278522104	0.006943239021	0.00289715113472	0.000630340383807	0.0115314192216	0.00183831209526	0.000684912742117	0.00109886755594	0.00365337777208	0.00160282755219	0.000359344334798	0.000346809353944	0.000256273358249	0.000906915228618	0.000701815948767	0.000298616410631	3.99680255795e-05	0.000682618380398	0.00161896933921	0.000313515362253	0.000974298672938	0.000763960766918	0.000102994567037	0.0015677761698	0.00219094969242	0.00114999178577	0.00062938320446	0.00205369478362	0.00135864437483	0.000532056397978	0.000818330605565	0.00755106650747	0.00102669404517	0.00392327811683
k__Bacteria;p__AD3;c__JG37-AG-4	2.56772371293e-05	0.0	5.31067445566e-05	0.00012208521548	0.000761200521966	0.0014741588623	0.000459380190113	0.000300774494323	0.000338247315162	0.000303412220511	0.000305421226775	0.00011207495573	0.000712149266486	0.000713087248322	0.00135749276988	0.00109934617833	0.00154514727185	0.000140075640846	0.0027659823133	0.000543137664508	0.000328758116216	0.000244192790208	0.000405930863565	8.21962847279e-05	0.000165851231445	9.90883868411e-05	0.0	0.000151152538103	8.77269935959e-05	0.0	0.0	0.000179636415894	0.000323793867842	0.000171008379411	0.000436754577524	0.000394302331313	7.72459252774e-05	0.0	0.000168534591725	6.57138163299e-05	0.000224779715878	0.00022403943094	0.000226440729139	0.000133014099495	0.00029757476566	0.000839007389719	0.000528902992969	0.000234726041178
k__Bacteria;p__Acidobacteria;Other	0.0	0.0	0.0	0.0	0.0	0.0	0.0	0.0	0.0	0.0	0.0	0.0	9.49532355315e-05	0.0	5.90214247772e-05	0.0	0.0	0.0	0.0	0.0	0.0	6.1048197552e-05	0.0	0.0	0.0	0.0	4.27122263748e-05	0.0	0.0	0.0	0.0	0.0	0.0	0.0	0.0	0.0	0.0	0.0	0.0	0.0	0.0	0.0	0.0	0.0	0.0	0.0	6.22238815257e-05	0.0
k__Bacteria;p__Acidobacteria;c__	0.0	0.0	0.0	0.0	0.0	0.0	0.0	0.0	0.0	0.0	0.0	0.0	7.12149266486e-05	0.0	0.000236085699109	0.0	0.0	0.0	0.0	0.0	0.0	0.0	0.0	0.0	0.0	0.0	0.0	0.0	0.0	0.0	0.0	0.0	0.0	0.0	0.0	0.0	0.0	0.0	0.0	0.0	0.0	0.0	0.0	0.0	0.0	0.0	0.0	0.0
k__Bacteria;p__Acidobacteria;c__Acidobacteria-5	0.000821671588137	0.000742880726372	0.00135422198619	0.00103772433158	0.000108742931709	0.000433576135969	0.000388706314711	0.0015790660952	0.000310060038898	0.000396769826822	2.54517688979e-05	0.000358639858337	0.00258747566823	0.000419463087248	0.00218379271676	0.00133078747903	0.000772573635925	0.000140075640846	0.000194787486852	0.00104449550867	0.000739705761486	0.00149568084002	0.00106823911464	0.000986355416735	0.0018243635459	0.00156064209275	0.000918312867058	0.0017130620985	0.000526361961576	0.000298616410631	0.000679456434852	0.000754472946756	0.00169369100102	0.00119705865587	0.00147824626239	0.00125683868106	0.000566470118701	0.0015677761698	0.0	0.00108427796944	0.000854162920338	0.00134423658564	0.000905762916557	6.65070497473e-05	0.00029757476566	0.000516312239827	0.000560014933732	0.000603581248743
k__Bacteria;p__Acidobacteria;c__Acidobacteria-6	0.00202850173321	0.00317787866281	0.00539033457249	0.00183127823221	0.00108742931709	0.000867152271939	0.00113078200643	0.00248138957816	0.00205767116724	0.00121364888204	0.000636294222448	0.001994934212	0.0186345724731	0.00553691275168	0.0298648409373	0.0126135508882	0.00453887011106	0.00147079422888	0.0112197592427	0.00697722999791	0.0075066436536	0.00805836207686	0.00769132162543	0.00484958079895	0.0104486275811	0.00933908045977	0.00555258942872	0.0099760675148	0.0042986226862	0.00272072729686	0.0017585931255	0.00582021987497	0.010984084286	0.00991848600581	0.0139089534688	0.0111390408596	0.00254911553416	0.0030149541727	0.00412909749726	0.00578281583703	0.00490019780615	0.00926029647885	0.0042268936106	0.00199521149242	0.00352130139364	0.00590532124302	0.00398232841765	0.00606934477902
k__Bacteria;p__Acidobacteria;c__Acidobacteriia	0.122172294261	0.12364836979	0.126606479023	0.128250518862	0.15137016094	0.152532084634	0.12481006396	0.138732235506	0.145249034586	0.118470802409	0.152837872232	0.166812364109	0.0847932393296	0.0841233221477	0.0908929941569	0.0946594919863	0.129212940608	0.1656394453	0.10978222759	0.15425109672	0.105202597189	0.138213119258	0.107400760586	0.155638665132	0.105509025071	0.112267142291	0.145136145222	0.118125708528	0.126502324765	0.14831281728	0.15795363709	0.143098368901	0.102941542753	0.117055235707	0.0983705694608	0.111513628074	0.136725287741	0.135190545104	0.132636723688	0.128700509282	0.137789965833	0.1549606064	0.131675283994	0.165203511572	0.137851510192	0.130368840556	0.150177338062	0.122694654953
k__Bacteria;p__Acidobacteria;c__DA052	0.0802670432661	0.0733388361535	0.0727562400425	0.0842387986815	0.0765550239234	0.0800381547	0.0813456305877	0.0776750131589	0.115511458128	0.124819119638	0.11270043268	0.137672875619	0.0799031476998	0.0665478187919	0.0872926872455	0.107909506451	0.0957991308547	0.0526684409581	0.102263430597	0.14819302277	0.0987096243939	0.121180672141	0.105392471051	0.0994986026632	0.12187301324	0.143529528339	0.127709556861	0.15142965109	0.140319326257	0.171306280899	0.16346922462	0.111626068837	0.172881018207	0.159750327766	0.152662523098	0.124550248903	0.154028375003	0.13145200193	0.13870396899	0.17456875308	0.133339327459	0.113812030917	0.117107597086	0.119579675446	0.153226206418	0.148020265255	0.150986248522	0.134833344511
k__Bacteria;p__Acidobacteria;c__EC1113	0.000513544742586	0.000330169211721	0.000371747211896	0.00012208521548	0.000217485863419	0.000260145681582	0.000600727940917	0.000751936235807	0.000535558249006	0.000116697007889	0.000279969457877	0.000201734920315	0.000878317428666	0.000188758389262	0.000708257097326	0.00144650812938	0.0	0.0	0.001051852429	0.000626697305202	0.00041094764527	0.000335765086536	0.000320471734393	0.00041098142364	0.000276418719076	0.000693618707887	0.000234917245061	0.000831338959567	0.00021931748399	9.95388035436e-05	0.000319744204636	0.00032334554861	0.000772123838701	0.000313515362253	0.000436754577524	0.000123219478535	2.57486417591e-05	0.000180897250362	8.42672958625e-05	0.000361425989814	0.000134867829527	7.46798103133e-05	3.77401215232e-05	0.000266028198989	0.000123989485692	6.45390299784e-05	6.22238815257e-05	6.70645831936e-05
k__Bacteria;p__Acidobacteria;c__Holophagae	2.56772371293e-05	0.0	0.0	0.0	0.0	0.0	0.0	0.0	0.0	0.0	0.0	0.0	0.0	0.0	0.0	0.0	0.0	0.0	0.0	0.0	0.0	3.0524098776e-05	0.00014955347605	0.0	2.76418719076e-05	0.0	0.0	0.0	0.0	0.0	0.0	0.0	0.0	0.0	3.35965059634e-05	0.0	0.0	0.0	0.0	0.0	0.0	0.0	0.0	0.0	0.0	0.000258156119914	0.0	0.0
k__Bacteria;p__Acidobacteria;c__RB25	0.0	0.0	0.0	0.0	0.0	0.0	0.0	0.0	0.0	0.0	0.0	0.0	0.000451027868775	0.0	5.90214247772e-05	0.0	0.0	0.0	0.0	0.0	0.0	0.0	0.0	0.0	5.52837438151e-05	0.0	0.0	0.0	0.0	0.0	0.0	0.0	0.0	2.85013965684e-05	3.35965059634e-05	2.4643895707e-05	0.0	0.0	0.0	0.0	0.0	0.0	0.0	0.0	0.0	0.0	0.0	0.0
k__Bacteria;p__Acidobacteria;c__Solibacteres	0.045089228399	0.0464713165497	0.0475570897504	0.0419362715175	0.0302305350152	0.0346860908776	0.0351602530125	0.0422588164524	0.047608309609	0.0382532791859	0.0393229829473	0.0518010445386	0.0677728718606	0.0397860738255	0.0665761671487	0.0662500723254	0.0654756156446	0.0336181538031	0.0513070240368	0.0686860246501	0.073066491329	0.0768596807179	0.0604836986711	0.0636199243794	0.0734168117865	0.0737217598098	0.0719914575547	0.0834362010329	0.0598736731292	0.0598228209297	0.0638289368505	0.063483509377	0.0759172083987	0.0697144160064	0.0859062657484	0.0548080240524	0.0645775935319	0.0647009165461	0.0571332265948	0.09203219977	0.0570940478331	0.0681079870057	0.0529871306186	0.0446927374302	0.053786638893	0.0556003743264	0.0516458216664	0.0529474884314
k__Bacteria;p__Acidobacteria;c__Sva0725	0.000154063422776	4.12711514651e-05	0.000371747211896	6.10426077402e-05	0.000217485863419	0.00164758931668	0.00187285769815	0.000827129859388	0.00109930377428	0.000700182047332	0.000916263680326	0.000403469840629	0.00216018610834	0.00218120805369	0.00153455704421	0.00318231788463	0.0020280057943	0.000350189102115	0.00179204487904	0.00150407353248	0.00123284293581	0.00131253624737	0.00168781780114	0.000472628637186	0.000635763053874	0.000470669837495	0.000320341697811	0.000352689255574	0.000350907974384	0.000497694017718	0.000159872102318	0.00114967306172	0.00171859822162	0.000684033517642	0.00120947421468	0.000542165705555	0.000128743208796	0.000361794500724	0.00109547484621	6.57138163299e-05	0.00031469160223	0.000821477913446	0.000452881458278	6.65070497473e-05	0.000272776868522	0.000451773209849	0.000684462696783	0.000402387499162
k__Bacteria;p__Acidobacteria;c__TM1	7.70317113879e-05	0.000206355757326	0.000477960701009	0.000244170430961	0.000434971726838	0.00121401318071	0.000494717127814	7.51936235807e-05	0.000479183696479	0.000326751622088	0.000152710613388	0.000313809876045	0.000712149266486	0.000922818791946	0.000590214247772	0.00243013365735	0.000965717044906	0.000630340383807	0.00366200475281	0.00100271568832	0.0021369277554	0.00198406642044	0.00222193735846	0.0014795331251	0.00168615418636	0.00247720967103	0.0023705285638	0.00418188688752	0.000350907974384	0.0012276452437	0.00119904076739	0.000287418265431	0.00119554658896	0.000655532121074	0.00134386023854	0.00101039972399	0.000720961969256	0.000422093584178	0.00033706918345	0.000361425989814	0.00062938320446	0.000522758672193	0.000528361701325	0.000332535248736	0.000917522194118	0.00171028429443	0.000964470163649	0.000603581248743
k__Bacteria;p__Acidobacteria;c__[Chloracidobacteria]	5.13544742586e-05	0.0	5.31067445566e-05	6.10426077402e-05	0.000217485863419	0.0	0.0	0.00150387247161	0.000112749105054	4.66788031555e-05	0.0	0.0	0.0015192517685	6.29194630872e-05	0.00218379271676	0.00133078747903	0.0	0.0	0.000934979936889	0.000417798203468	0.000164379058108	0.000488385580416	0.000427295645857	0.000164392569456	0.000221134975261	0.000445897740785	0.000213561131874	0.000730570600831	0.000394771471182	0.000298616410631	7.99360511591e-05	0.000395200114967	0.000896659941717	0.00105455167303	0.00141105325046	0.000542165705555	0.000411978268146	0.00114568258562	0.00033706918345	0.00269426646953	0.000944074806689	0.000821477913446	0.000188700607616	0.0	0.000322372662798	0.000871276904708	0.000155559703814	0.000435919790759
k__Bacteria;p__Acidobacteria;c__iii1-8	0.0	0.0	2.65533722783e-05	6.10426077402e-05	0.0	0.000173430454388	0.0	0.00180464696594	5.6374552527e-05	2.33394015777e-05	0.0	0.0	0.00401177420121	0.000293624161074	0.00301009266364	0.00167794943008	0.000289715113472	0.0	0.000116872492111	0.000584917484855	5.47930193693e-05	3.0524098776e-05	0.000277742169807	8.21962847279e-05	0.000608121181966	0.00094133967499	0.000298985584624	0.000529033883361	8.77269935959e-05	3.31796011812e-05	0.0	0.000215563699073	0.000797031059304	0.000313515362253	0.000940702166975	0.000345014539898	0.0	0.0	0.000168534591725	3.28569081649e-05	0.000134867829527	3.73399051566e-05	0.0	0.0	4.95957942766e-05	0.00038723417987	0.000373343289154	0.000134129166387
k__Bacteria;p__Actinobacteria;Other	0.0	0.0	2.65533722783e-05	6.10426077402e-05	0.000217485863419	8.67152271939e-05	0.000530054065515	0.000150387247161	0.000112749105054	7.00182047332e-05	0.000229065920081	0.000134489946876	0.000261121397712	0.000734060402685	0.000354128548663	0.00057860325175	0.000965717044906	0.000420226922538	0.000973937434259	0.0	0.000301361606531	0.000122096395104	0.000534119557322	8.21962847279e-05	0.0	0.0	0.0	0.0	8.77269935959e-05	0.0	0.0	7.18545663577e-05	4.98144412065e-05	0.0	0.00010078951789	0.0	0.000102994567037	0.0	8.42672958625e-05	0.0	0.0	7.46798103133e-05	0.0	0.000199521149242	0.0	0.0	0.0	0.0
k__Bacteria;p__Actinobacteria;c__Acidimicrobiia	0.0372576710746	0.0371027651671	0.031492299522	0.0321084116713	0.0201174423662	0.0208983697537	0.0178804904767	0.0193999548838	0.0217887645517	0.0198384913411	0.014965640112	0.0191199874476	0.0268955039643	0.027369966443	0.0204214129729	0.0245327778742	0.0248189280541	0.0326376243171	0.0220499435116	0.0200543137665	0.0216158461412	0.0227404535881	0.0261718583088	0.0220491533783	0.0218647206789	0.025564803805	0.0237693539776	0.0245119032624	0.0180717606808	0.0143999469126	0.0215427657874	0.0185025508371	0.0239358389997	0.018098386821	0.0213001847808	0.0259253782838	0.0202899297062	0.0185118186204	0.0252801887587	0.0255955314605	0.027378169394	0.031701579478	0.0327961656037	0.0209497206704	0.0205326588305	0.0176836942141	0.0189471719246	0.0247132989068
k__Bacteria;p__Actinobacteria;c__Actinobacteria	0.148645525741	0.16339248865	0.142272968667	0.130264924918	0.251522401044	0.19901144641	0.227004487791	0.155500413565	0.178679144234	0.183120944779	0.191270043268	0.139690224822	0.0899681906661	0.20985738255	0.0666942099982	0.104958629867	0.148044422984	0.250665359294	0.131247808641	0.121621057029	0.116215994082	0.113366502854	0.12094603256	0.153994739438	0.115460098958	0.0811781609195	0.122349172451	0.0889532686736	0.117071672954	0.0835794153754	0.102478017586	0.122799453905	0.0825674362998	0.0790058712877	0.0646732739795	0.0890876829809	0.128691711512	0.142667631452	0.142748799191	0.091243633974	0.112524725769	0.122176169673	0.125750084915	0.159683426443	0.101572186679	0.0636032140437	0.100149337316	0.102340553953
k__Bacteria;p__Actinobacteria;c__MB-A2-108	0.0	0.0	0.0	0.0	0.0	0.0	0.0	7.51936235807e-05	0.0	0.0	0.0	0.0	9.49532355315e-05	0.0	0.000885321371658	0.0	0.0	0.0	0.000194787486852	0.000167119281387	0.0	0.0	0.0	0.0	0.0	0.0	0.0	0.0	0.0	0.0	0.0	0.0	0.0	0.0	0.0	0.0	0.0	0.0	0.0	0.0	0.0	0.0	0.0	0.0	0.0	0.0	0.0	0.0
k__Bacteria;p__Actinobacteria;c__Thermoleophilia	0.0301450763898	0.0439950474618	0.0259691980882	0.0259431082896	0.0479556328839	0.0462192160943	0.0445598784409	0.0435371080532	0.0168559912056	0.0151939504271	0.0180198523797	0.0123058301392	0.0261596163889	0.0269924496644	0.0226642271144	0.0143493606434	0.0242394978271	0.0293458467572	0.020725388601	0.0167537079591	0.0101915016027	0.0116602057324	0.0118360893902	0.0102128883774	0.00989579014291	0.0094133967499	0.0105285638014	0.0067010958559	0.00719361347487	0.00647002223033	0.00659472422062	0.0081554932816	0.00704874343072	0.00906344410876	0.0105828993785	0.0122726600621	0.00811082215413	0.00596960926194	0.00985927361591	0.00597995728602	0.0108793382485	0.0124715283223	0.012982601804	0.0085794094174	0.00748896493577	0.00677659814773	0.00958247775496	0.00888605727315
k__Bacteria;p__Armatimonadetes;c__Chthonomonadetes	0.0	0.0	0.0	0.0	0.0	0.0	0.0	0.0	0.0	0.0	0.0	0.0	0.0	0.0	0.0	5.7860325175e-05	0.0	0.0	0.0	0.0	0.0	0.0	0.0	0.0	0.0	0.0	0.0	0.0	0.0	0.0	0.0	0.0	4.98144412065e-05	0.0	0.0	0.0	0.0	0.0	0.0	6.57138163299e-05	0.0	0.0	0.0	0.0	0.0	0.0	0.0	0.0
k__Bacteria;p__Armatimonadetes;c__[Fimbriimonadia]	0.000231095134164	0.000206355757326	0.000212426978226	0.0	0.000217485863419	0.000780437044745	0.000141347750804	0.000150387247161	0.000591932801533	0.000256733417355	0.000254517688979	0.000156904938023	0.000356074633243	0.000251677852349	0.000236085699109	0.000636463576925	0.000676001931434	0.000350189102115	0.000623319957926	0.000250678922081	0.000794498780855	0.000244192790208	0.000277742169807	0.000226039783002	0.000442269950521	0.000371581450654	0.000427122263748	0.000529033883361	0.000526361961576	0.000464514416537	0.000999200639488	0.000682618380398	0.000722309397494	0.000484523741663	0.000537544095414	0.000468234018434	0.00030898370111	0.000241196333816	0.000252801887587	0.000525710530639	0.000134867829527	0.00033605914641	0.000377401215232	0.000199521149242	0.000272776868522	0.000225886604924	0.000404455229917	0.000502984373952
k__Bacteria;p__BHI80-139;c__	0.0	4.12711514651e-05	5.31067445566e-05	0.0	0.0	0.0	3.5336937701e-05	0.0	2.81872762635e-05	2.33394015777e-05	2.54517688979e-05	4.48299822922e-05	0.0	4.19463087248e-05	0.0	0.0	0.0	0.0	0.0	0.0	2.73965096847e-05	0.0	4.27295645857e-05	0.0	5.52837438151e-05	0.0	0.0	0.0	0.0	0.0	0.000119904076739	0.0	0.0	0.0	0.0	2.4643895707e-05	2.57486417591e-05	0.0	0.0	0.0	0.0	0.0	3.77401215232e-05	0.0	0.0	0.0	0.0	0.0
k__Bacteria;p__BRC1;c__PRR-11	0.0	0.0	0.0	0.0	0.0	0.0	0.0	0.0	0.0	0.0	0.0	0.0	0.0	0.0	0.0	0.0	0.0	0.0	0.0	0.0	0.0	0.0	0.0	0.0	0.0	0.0	4.27122263748e-05	0.0	0.0	0.0	0.0	0.0	0.0	0.0	0.0	0.0	0.0	0.0	0.0	0.0	0.0	0.0	0.0	0.0	0.0	0.0	0.0	0.0
k__Bacteria;p__Bacteroidetes;Other	7.70317113879e-05	0.000123813454395	0.000106213489113	0.000183127823221	0.0	0.0	0.0	0.0	0.000140936381317	0.000163375811044	7.63553066938e-05	4.48299822922e-05	0.000213644779946	6.29194630872e-05	0.000177064274332	5.7860325175e-05	0.0	7.0037820423e-05	0.000194787486852	8.35596406935e-05	0.00082189529054	0.0	4.27295645857e-05	0.000143843498274	8.29256157227e-05	7.43162901308e-05	2.13561131874e-05	0.000100768358735	8.77269935959e-05	6.63592023624e-05	0.000279776179057	7.18545663577e-05	0.000124536103016	0.000171008379411	3.35965059634e-05	9.85755828281e-05	0.000102994567037	0.0	8.42672958625e-05	6.57138163299e-05	4.49559431757e-05	3.73399051566e-05	3.77401215232e-05	6.65070497473e-05	0.000223181074245	6.45390299784e-05	0.000155559703814	0.000134129166387
k__Bacteria;p__Bacteroidetes;c__At12OctB3	0.000102708948517	4.12711514651e-05	7.96601168348e-05	0.0	0.0	8.67152271939e-05	0.000247358563907	7.51936235807e-05	0.0	4.66788031555e-05	5.09035377959e-05	6.72449734382e-05	4.74766177658e-05	4.19463087248e-05	5.90214247772e-05	0.00034716195105	9.65717044906e-05	7.0037820423e-05	0.000506447465815	0.000167119281387	0.000136982548423	0.000122096395104	6.40943468786e-05	6.16472135459e-05	5.52837438151e-05	0.000148632580262	2.13561131874e-05	7.55762690515e-05	8.77269935959e-05	0.0	3.99680255795e-05	0.000215563699073	7.47216618098e-05	2.85013965684e-05	6.71930119268e-05	0.000147863374242	5.14972835183e-05	0.0	0.000168534591725	0.0	0.0	0.0	7.54802430464e-05	0.000332535248736	2.47978971383e-05	0.0	3.11119407629e-05	3.35322915968e-05
k__Bacteria;p__Bacteroidetes;c__Bacteroidia	0.00136089356785	0.0	0.000212426978226	0.0	0.0	8.67152271939e-05	3.5336937701e-05	0.0	0.0	0.0	2.54517688979e-05	2.24149911461e-05	2.37383088829e-05	0.0	0.0	0.0	0.0	0.0	0.000116872492111	0.0	0.0210131229281	0.0	0.0	0.0	5.52837438151e-05	0.0	0.0	2.51920896838e-05	0.0	0.0	0.0	0.000179636415894	0.0	0.0	0.0	0.0	0.0	0.0	0.0	3.28569081649e-05	0.0	0.0	0.0	0.0	2.47978971383e-05	0.000161347574946	6.22238815257e-05	3.35322915968e-05
k__Bacteria;p__Bacteroidetes;c__Cytophagia	0.000102708948517	0.000165084605861	0.00015932023367	6.10426077402e-05	0.0	0.0	0.0	0.0	0.000112749105054	4.66788031555e-05	2.54517688979e-05	4.48299822922e-05	0.00391682096567	0.000167785234899	0.00283302838931	0.000636463576925	0.000193143408981	0.0	0.000194787486852	0.000292458742427	0.000547930193693	0.000366289185312	0.0002991069521	0.000226039783002	0.0010780330044	0.000198176773682	8.54244527496e-05	0.000957299407986	0.000526361961576	0.000398155214174	0.000239808153477	0.000395200114967	0.00159406211861	0.00131106424215	0.00282210650092	0.000837892454039	0.000360480984628	0.000663289917993	0.000589871071037	0.000591424346969	0.000134867829527	0.000634778387663	0.000264180850662	0.000598563447725	0.000570351634181	0.000968085449676	0.000311119407629	0.00191134062102
k__Bacteria;p__Bacteroidetes;c__Flavobacteriia	0.000924380536654	0.000247626908791	0.000823154540627	0.000305213038701	0.0	0.0	0.0	0.0	0.0	0.0	0.0	0.0	0.00154299007739	0.000251677852349	0.00224281414153	0.000520742926575	9.65717044906e-05	0.0	0.0	0.000167119281387	0.000164379058108	0.000335765086536	8.54591291715e-05	0.000164392569456	0.000331702462891	0.000668846611177	6.40683395622e-05	0.000352689255574	0.000131590490394	3.31796011812e-05	3.99680255795e-05	0.0	0.000124536103016	0.000627030724506	0.000470351083487	0.000295726748484	2.57486417591e-05	0.000602990834539	0.0	0.000229998357155	4.49559431757e-05	0.00067211829282	0.000188700607616	6.65070497473e-05	0.000223181074245	0.0	6.22238815257e-05	0.00010059687479
k__Bacteria;p__Bacteroidetes;c__Sphingobacteriia	0.00346642701245	0.00441601320677	0.00432819968136	0.00262483213283	0.000761200521966	0.00164758931668	0.00243824870137	0.00105271073013	0.00194492206218	0.00163375811044	0.00185797912955	0.00217425414117	0.00481887670322	0.0026216442953	0.00419052115918	0.00584389284268	0.00627716079189	0.00294158845777	0.00623319957926	0.00672655107583	0.00520533684009	0.00378498824822	0.00296970473871	0.00293851717902	0.00469911822429	0.00379013079667	0.00277629471436	0.00370323718352	0.00377226072462	0.00288662530276	0.00559552358114	0.00427534669828	0.00831901168149	0.00581428489996	0.00725684528809	0.00359800877323	0.00517547699359	0.00554751567776	0.00505603775175	0.00413997042878	0.00179823772703	0.00425674918786	0.00222666716987	0.00372439478585	0.00369488667361	0.0083578043822	0.00572459710037	0.0052310374891
k__Bacteria;p__Bacteroidetes;c__[Saprospirae]	0.00670175889074	0.0043747420553	0.00655868295273	0.004700280796	0.00434971726838	0.00528962885883	0.00325099826849	0.00225580870742	0.00349522225667	0.00319749801615	0.00409773479257	0.003989868424	0.0127474718701	0.0055788590604	0.0125125420528	0.0161430307238	0.00994688556253	0.00504272307046	0.00993416182944	0.00835596406935	0.00934220980247	0.00811941027441	0.00963551681408	0.00651405556469	0.00923238521713	0.00923999207293	0.00623598505072	0.00906915228618	0.00802701991403	0.00587278940907	0.00935251798561	0.00912552992743	0.0127026825077	0.0116570711965	0.0147488661179	0.0136773621174	0.00818806807941	0.0122407139411	0.00985927361591	0.0125184820108	0.0046304621471	0.0133303461409	0.00826508661358	0.00552008512902	0.00900163666121	0.00793830068734	0.00967581357725	0.0106968010194
k__Bacteria;p__Chlamydiae;c__Chlamydiia	0.000128386185646	0.000165084605861	0.000212426978226	0.00012208521548	0.0	0.000173430454388	0.000106010813103	0.000150387247161	0.000310060038898	0.000373430425244	0.000178162382286	0.000156904938023	0.00049850448654	0.000251677852349	0.00041314997344	0.000520742926575	0.000482858522453	0.0	0.000506447465815	0.000292458742427	0.000273965096847	0.000335765086536	0.000427295645857	0.000267137925366	0.000414628078613	0.000222948870392	0.000384410037373	0.000428265524625	8.77269935959e-05	0.000530873618899	0.000239808153477	0.000143709132715	0.00114573214775	0.000456022345095	0.000974298672938	0.000640741288383	0.000180240492314	0.00030149541727	0.00033706918345	0.000492853622474	0.000179823772703	0.000186699525783	7.54802430464e-05	0.000133014099495	0.000322372662798	0.000419503694859	0.000124447763051	0.000368855207565
k__Bacteria;p__Chlorobi;c__	0.0	8.25423029303e-05	0.000132766861391	0.0	0.000108742931709	8.67152271939e-05	3.5336937701e-05	0.000150387247161	0.000225498210108	9.3357606311e-05	0.000101807075592	0.000493129805214	0.000427289559892	8.38926174497e-05	0.000295107123886	0.000752184227275	9.65717044906e-05	0.000140075640846	0.000389574973704	0.000208899101734	0.000273965096847	0.000213668691432	0.000555484339615	0.000123294427092	0.000304060590983	0.000222948870392	0.000298985584624	0.00032749716589	0.000263180980788	3.31796011812e-05	0.000279776179057	0.00032334554861	0.000821938279907	0.000142506982842	0.000772719637158	0.000542165705555	0.000154491850555	0.00030149541727	0.0	0.000525710530639	0.000134867829527	7.46798103133e-05	0.00011322036457	6.65070497473e-05	0.000396766354213	0.000161347574946	0.000186671644577	0.000201193749581
k__Bacteria;p__Chlorobi;c__BSV26	0.0	0.0	0.0	0.0	0.0	0.0	0.0	0.0	0.0	0.0	0.0	0.0	4.74766177658e-05	0.0	0.000118042849554	0.0	0.0	0.0	0.0	0.0	0.0	0.0	0.0	0.0	0.0	0.0	0.0	0.0	0.0	0.0	0.0	0.0	4.98144412065e-05	0.0	0.0	0.0	0.0	0.0	0.0	9.85707244948e-05	0.0	0.0	0.0	0.0	0.0	0.0	0.0	0.0
k__Bacteria;p__Chlorobi;c__SJA-28	0.0	0.0	0.0	0.0	0.0	0.0	0.0	0.0	0.0	0.0	0.0	0.0	0.000118691544414	0.0	0.00041314997344	5.7860325175e-05	0.0	0.0	0.0	0.0	0.0	0.0	6.40943468786e-05	2.0549071182e-05	8.29256157227e-05	7.43162901308e-05	0.0	0.0	0.0	3.31796011812e-05	0.0	0.000107781849537	0.00014944332362	5.70027931369e-05	0.00020157903578	2.4643895707e-05	2.57486417591e-05	0.0	0.0	0.000295712173484	8.99118863514e-05	0.0	0.0	6.65070497473e-05	0.0	3.22695149892e-05	0.0	0.00010059687479
k__Bacteria;p__Chloroflexi;Other	0.0	4.12711514651e-05	5.31067445566e-05	0.0	0.000108742931709	0.000260145681582	0.000141347750804	0.000375968117904	8.45618287905e-05	4.66788031555e-05	0.000178162382286	0.000224149911461	0.000356074633243	0.000440436241611	0.000295107123886	0.000636463576925	0.000482858522453	7.0037820423e-05	0.000818107444778	0.000208899101734	0.000191775567793	0.00030524098776	0.0002991069521	0.00010274535591	0.000165851231445	0.000173404676972	6.40683395622e-05	0.000201536717471	0.000131590490394	0.0	0.0	0.000143709132715	0.000348701088446	0.000285013965684	0.000335965059634	7.39316871211e-05	7.72459252774e-05	0.000241196333816	0.0	0.00019714144899	0.000134867829527	0.00011201971547	0.000264180850662	6.65070497473e-05	0.000173585279968	0.000290425634903	0.000186671644577	0.000234726041178
k__Bacteria;p__Chloroflexi;c__Anaerolineae	0.0	0.0	7.96601168348e-05	0.0	0.0	0.0	0.0	0.000150387247161	8.45618287905e-05	2.33394015777e-05	2.54517688979e-05	6.72449734382e-05	0.000593457722072	2.09731543624e-05	0.00112140707077	0.000173580975525	0.0	0.0	0.000233744984222	0.00012533946104	0.0	0.000183144592656	4.27295645857e-05	0.0	5.52837438151e-05	0.0	2.13561131874e-05	0.000151152538103	0.000131590490394	6.63592023624e-05	3.99680255795e-05	3.59272831788e-05	0.000224164985429	0.000171008379411	0.000167982529817	7.39316871211e-05	2.57486417591e-05	0.000180897250362	0.000168534591725	9.85707244948e-05	8.99118863514e-05	0.000149359620627	0.0	0.0	4.95957942766e-05	0.000225886604924	0.000124447763051	0.00010059687479
k__Bacteria;p__Chloroflexi;c__C0119	0.0	0.0	0.0	0.0	0.0	0.0	0.0	0.0	0.0	0.0	0.0	0.0	2.37383088829e-05	0.0	5.90214247772e-05	5.7860325175e-05	9.65717044906e-05	0.0	3.89574973704e-05	0.0	5.47930193693e-05	3.0524098776e-05	0.000106823911464	2.0549071182e-05	0.0	0.0	0.0	0.0	0.0	0.0	0.0	0.0	0.0	0.0	6.71930119268e-05	7.39316871211e-05	0.0	0.0	0.0	0.0	0.0	0.0	0.0	0.0	0.0	0.0	0.0	0.0
k__Bacteria;p__Chloroflexi;c__Chloroflexi	0.0	0.0	0.0	0.0	0.0	0.0	0.0	0.0	0.0	0.0	0.0	0.0	4.74766177658e-05	0.0	0.0	5.7860325175e-05	0.0	0.0	0.0	0.0	0.0	0.0	0.0	0.0	0.0	0.0	0.0	0.0	0.0	0.0	0.0	0.0	0.0	0.0	0.0	4.92877914141e-05	0.0	0.0	0.0	0.0	0.0	0.0	0.0	0.0	0.0	0.0	0.0	0.0
k__Bacteria;p__Chloroflexi;c__Ellin6529	5.13544742586e-05	0.0	0.0	6.10426077402e-05	0.0	0.0	3.5336937701e-05	0.000451161741484	5.6374552527e-05	2.33394015777e-05	0.0	8.96599645843e-05	0.00348953140578	2.09731543624e-05	0.00430856400874	0.0009257652028	0.0	0.0	0.000428532471074	8.35596406935e-05	0.000164379058108	0.000213668691432	0.000106823911464	2.0549071182e-05	0.000276418719076	0.000322037257233	2.13561131874e-05	0.000100768358735	8.77269935959e-05	0.0	0.0	7.18545663577e-05	0.000323793867842	0.000171008379411	0.000470351083487	0.000197151165656	5.14972835183e-05	6.02990834539e-05	0.0	0.000229998357155	4.49559431757e-05	0.000149359620627	0.000150960486093	6.65070497473e-05	0.000247978971383	0.000484042724838	9.33358222886e-05	0.000268258332774
k__Bacteria;p__Chloroflexi;c__Ktedonobacteria	0.0055206059828	0.00656211308296	0.00669144981413	0.00305213038701	0.0123966942149	0.00953867499133	0.0159016219654	0.0127829160087	0.0056374552527	0.00737525089857	0.0109188088572	0.00961603120167	0.0141717704031	0.00916526845638	0.0266186625745	0.020482555112	0.00695316272332	0.000980529485922	0.0208033035958	0.00647587215375	0.00895865866689	0.0127895973871	0.0201256249199	0.00824017754398	0.00718688669597	0.0081995640111	0.00499733048585	0.00987529915606	0.0086411088692	0.00401473174292	0.0013589128697	0.0120715671481	0.00894169219657	0.00652681981417	0.00584579203763	0.0094632559515	0.00334732342869	0.0223709599614	0.00446616668071	0.00282569410218	0.00791224599892	0.00993241477167	0.00981243159603	0.00698324022346	0.0128205128205	0.0757365516796	0.0185738286354	0.0217959895379
k__Bacteria;p__Chloroflexi;c__S085	0.0	0.0	0.0	0.0	0.0	0.0	0.0	7.51936235807e-05	0.0	2.33394015777e-05	0.0	0.0	0.000284859706595	0.000146812080537	0.000354128548663	0.000173580975525	0.0	0.0	0.0	8.35596406935e-05	8.2189529054e-05	6.1048197552e-05	0.000106823911464	8.21962847279e-05	8.29256157227e-05	2.47720967103e-05	2.13561131874e-05	5.03841793677e-05	0.0	0.0	0.0	0.000143709132715	2.49072206033e-05	0.000114005586274	0.00010078951789	2.4643895707e-05	2.57486417591e-05	0.0	0.0	9.85707244948e-05	0.0	7.46798103133e-05	0.0	0.0	0.0	0.000225886604924	3.11119407629e-05	3.35322915968e-05
k__Bacteria;p__Chloroflexi;c__SAR202	0.0	0.0	0.0	0.0	0.0	0.0	0.0	0.0	0.0	2.33394015777e-05	0.0	0.0	4.74766177658e-05	4.19463087248e-05	5.90214247772e-05	0.0	0.0	7.0037820423e-05	0.0	0.0	8.2189529054e-05	3.0524098776e-05	6.40943468786e-05	4.1098142364e-05	0.0	0.0	4.27122263748e-05	5.03841793677e-05	0.0	0.0	3.99680255795e-05	0.0	7.47216618098e-05	2.85013965684e-05	0.000167982529817	7.39316871211e-05	0.0	0.0	8.42672958625e-05	3.28569081649e-05	0.0	0.0	7.54802430464e-05	0.0	0.0	0.0	0.0	0.0
k__Bacteria;p__Chloroflexi;c__SHA-26	0.0	4.12711514651e-05	0.0	0.0	0.0	0.0	0.0	0.0	2.81872762635e-05	0.0	2.54517688979e-05	4.48299822922e-05	7.12149266486e-05	0.0	0.0	5.7860325175e-05	0.0	0.0	7.79149947407e-05	0.0	5.47930193693e-05	0.0	0.000106823911464	2.0549071182e-05	0.0	2.47720967103e-05	2.13561131874e-05	7.55762690515e-05	0.0	0.0	0.0	0.0	2.49072206033e-05	5.70027931369e-05	0.0	2.4643895707e-05	0.0	0.0	0.0	0.0	4.49559431757e-05	7.46798103133e-05	3.77401215232e-05	0.0	0.0	0.000161347574946	6.22238815257e-05	6.70645831936e-05
k__Bacteria;p__Chloroflexi;c__TK10	0.000590576453974	0.000784151877837	0.00132766861391	0.000671468685142	0.000217485863419	0.000173430454388	0.00035336937701	0.000827129859388	0.000169123657581	0.000280072818933	0.00012725884449	0.000268979893753	0.00220766272611	0.000859899328859	0.00271498553975	0.00214083203148	0.000579430226944	7.0037820423e-05	0.0014414274027	0.000626697305202	0.000520533684009	0.00125148804982	0.00177327693031	0.000575373993096	0.000691046797689	0.000718390804598	0.000341697810998	0.000579418062728	0.000614088955172	0.000298616410631	3.99680255795e-05	0.000359272831788	0.000846845500511	0.000741036310779	0.000739123131194	0.000985755828281	0.000514972835183	0.00114568258562	0.000589871071037	0.000821422704124	0.00062938320446	0.00123221687017	0.000452881458278	0.000798084596967	0.000495957942766	0.000839007389719	0.00043556717068	0.00124069478908
k__Bacteria;p__Chloroflexi;c__TK17	0.000693285402491	0.000536524969047	0.000796601168348	0.000183127823221	0.0011961722488	0.000260145681582	0.00035336937701	0.000375968117904	5.6374552527e-05	0.000326751622088	0.00012725884449	8.96599645843e-05	0.000664672648721	0.00136325503356	0.000826299946881	0.00081004455245	0.000482858522453	0.000350189102115	0.000701234952667	0.000250678922081	0.000684912742117	0.00100729525961	0.00141007563133	0.000863060989643	0.00127152610775	0.00185790725327	0.000939668980246	0.000932107318302	0.000526361961576	0.000232257208268	0.000239808153477	0.000574836530862	0.000672494956288	0.000484523741663	0.000638333613304	0.00108433141111	0.000128743208796	0.000120598166908	0.0006741383669	3.28569081649e-05	0.000764251033987	0.000597438482506	0.000679322187417	0.000266028198989	0.000198383177107	0.00038723417987	9.33358222886e-05	0.000134129166387
k__Bacteria;p__Chloroflexi;c__Thermomicrobia	0.0	0.0	0.0	0.0	0.0	0.0	0.0	0.0	0.0	0.0	0.0	6.72449734382e-05	4.74766177658e-05	4.19463087248e-05	0.000118042849554	5.7860325175e-05	0.0	0.0	0.0	0.0	2.73965096847e-05	9.1572296328e-05	6.40943468786e-05	4.1098142364e-05	0.0	0.0	0.0	0.0	0.0	0.0	0.0	3.59272831788e-05	0.0	0.0	0.0	0.0	0.0	0.0	0.0	0.0	0.0	0.0	0.0	0.0	0.0	0.0	0.0	3.35322915968e-05
k__Bacteria;p__Cyanobacteria;c__4C0d-2	0.000513544742586	0.000660338423442	0.000796601168348	0.000976681723843	0.000326228795128	0.00121401318071	0.000600727940917	0.000300774494323	0.00143755108944	0.00212388554357	0.00226520743192	0.00190527424742	0.000640934339838	0.000901845637584	0.00041314997344	0.00104148585315	0.000965717044906	0.000840453845076	0.00179204487904	0.00154585335283	0.000794498780855	0.000946247062055	0.000576849121907	0.000739766562551	0.000497553694336	0.0009661117717	0.000662039508809	0.000352689255574	0.00100886042635	0.0015926208567	0.00259792166267	0.000359272831788	0.00109591770654	0.00114005586274	0.0010078951789	0.000517521809848	0.00180240492314	0.000783888084901	0.00185388050897	0.000558567438804	0.00152850206797	0.000746798103133	0.00083028267351	0.00106411279596	0.00104151167981	0.00183936235438	0.00130670151204	0.0010059687479
k__Bacteria;p__Cyanobacteria;c__Chloroplast	0.000333804082681	0.000784151877837	0.000690387679235	0.000183127823221	0.000108742931709	0.000780437044745	0.000212021626206	0.000601548988646	0.000704681906587	0.000443448629977	0.00109442606261	0.000470714814068	0.00033233632436	0.000146812080537	0.00041314997344	0.000289301625875	9.65717044906e-05	0.000350189102115	0.000311659978963	0.000292458742427	0.000356154625901	0.000213668691432	0.000320471734393	0.00030823606773	0.000276418719076	9.90883868411e-05	4.27122263748e-05	5.03841793677e-05	0.000175453987192	0.000298616410631	0.000119904076739	0.000179636415894	0.000224164985429	0.000199509775979	6.71930119268e-05	0.000295726748484	5.14972835183e-05	6.02990834539e-05	0.000168534591725	6.57138163299e-05	0.000269735659054	7.46798103133e-05	0.00011322036457	0.000199521149242	0.000123989485692	0.00080673787473	0.000311119407629	0.000234726041178
k__Bacteria;p__Cyanobacteria;c__ML635J-21	0.0	0.0	0.0	0.0	0.0	0.0	0.0	0.0	0.0	0.0	0.0	0.0	2.37383088829e-05	0.0	0.000118042849554	0.0	0.0	0.0	0.000116872492111	0.0	0.0	0.0	6.40943468786e-05	0.0	0.0	0.0	0.0	0.0	0.0	0.0	0.0	0.0	0.0	0.0	0.0	0.0	0.0	0.0	0.0	0.0	0.0	0.0	0.0	0.0	0.0	3.22695149892e-05	0.0	0.0
k__Bacteria;p__Deferribacteres;c__Deferribacteres	0.0	0.0	0.0	0.0	0.0	0.0	0.0	0.0	0.0	0.0	0.0	0.0	0.0	0.0	0.0	0.0	0.0	0.0	0.0	0.0	0.000356154625901	0.0	0.0	0.0	0.0	0.0	0.0	0.0	0.0	0.0	0.0	0.0	0.0	0.0	0.0	0.0	0.0	0.0	0.0	0.0	0.0	0.0	0.0	0.0	0.0	0.0	0.0	0.0
k__Bacteria;p__Elusimicrobia;Other	0.0	0.0	0.0	0.0	0.0	0.0	0.0	0.0	0.0	0.0	0.0	0.0	0.0	0.0	0.0	0.0	0.0	0.0	0.000116872492111	0.0	0.0	0.0	0.0	0.0	0.0	0.0	0.0	0.0	0.0	0.0	0.0	0.0	0.0	0.0	0.0	0.0	0.0	0.0	0.0	0.0	0.0	0.0	0.0	0.0	0.0	0.0	0.0	0.0
k__Bacteria;p__Elusimicrobia;c__Elusimicrobia	0.000462190268327	0.000619067271977	0.000504514073287	0.000244170430961	0.000978686385385	0.00121401318071	0.000530054065515	0.00112790435371	0.000901992840432	0.000676842645755	0.000763553066938	0.000717279716675	0.00170915823957	0.00119546979866	0.00165259989376	0.00150436845455	0.00144857556736	0.000350189102115	0.00253223732907	0.00162941299352	0.00169858360045	0.00091572296328	0.00153826432509	0.000904159132007	0.00121624236393	0.00128814902893	0.00057661505606	0.00153671747071	0.00166681287832	0.00116128604134	0.00147881694644	0.00107781849537	0.00219183541309	0.0016245796044	0.00285570300689	0.00184829217803	0.000849705178052	0.00132657983599	0.00101120755035	0.0019714144899	0.000494515374933	0.0013815764908	0.000905762916557	0.000665070497473	0.00111590537122	0.00232340507922	0.00214672391264	0.00160954999665
k__Bacteria;p__Elusimicrobia;c__Endomicrobia	0.0	0.0	0.0	0.0	0.0	0.0	0.0	0.0	2.81872762635e-05	0.0	0.0	0.0	0.0	2.09731543624e-05	0.0	0.0	0.0	0.0	0.0	0.0	0.0	3.0524098776e-05	2.13647822929e-05	0.0	0.0	0.0	0.0	5.03841793677e-05	0.0	3.31796011812e-05	0.0	7.18545663577e-05	2.49072206033e-05	2.85013965684e-05	0.0	0.0	0.0	0.0	0.0	6.57138163299e-05	0.0	3.73399051566e-05	0.0	0.0	4.95957942766e-05	0.0	0.0	0.0
k__Bacteria;p__FCPU426;c__	0.0	0.0	0.0	6.10426077402e-05	0.0	0.0	0.0	0.0	0.0	0.0	0.0	2.24149911461e-05	0.000308598015477	0.000167785234899	0.000118042849554	0.0004628826014	0.0	0.0	3.89574973704e-05	8.35596406935e-05	0.000684912742117	0.00030524098776	0.000192283040636	0.000390432352458	0.000331702462891	0.000644074514467	0.000512546716498	0.00105806776672	0.000131590490394	0.000497694017718	0.00111910471623	0.000107781849537	0.000547958853272	0.000570027931369	0.00134386023854	0.000862536349746	0.000489224193424	0.000361794500724	0.000589871071037	0.00118284869394	0.00031469160223	0.000821477913446	0.000226440729139	0.000133014099495	0.000991915885533	0.000774468359741	0.000995582104412	0.00140835624707
k__Bacteria;p__Fibrobacteres;c__Fibrobacteria	0.0	0.0	0.0	0.0	0.0	0.0	0.0	0.0	0.0	0.0	0.0	0.0	0.0	2.09731543624e-05	0.0	0.0	0.0	0.0	0.0	0.0	0.0	3.0524098776e-05	0.0	0.0	8.29256157227e-05	0.0	2.13561131874e-05	2.51920896838e-05	0.0	0.0	3.99680255795e-05	0.0	2.49072206033e-05	0.0	3.35965059634e-05	7.39316871211e-05	0.0	0.0	0.0	3.28569081649e-05	0.0	0.0	0.0	0.0	0.0	0.0	0.0	3.35322915968e-05
k__Bacteria;p__Firmicutes;Other	0.0	0.0	0.0	0.0	0.0	0.0	0.0	0.0	0.0	0.0	0.0	0.0	0.0	0.0	0.0	0.0	0.0	0.0	0.0	0.0	0.00361633927838	0.0	0.0	0.0	0.0	0.0	4.27122263748e-05	0.0	0.0	0.0	0.0	0.0	0.0	0.0	0.0	0.0	0.0	0.0	0.0	0.0	0.0	0.0	0.0	0.0	0.0	0.0	0.0	0.0
k__Bacteria;p__Firmicutes;c__Bacilli	0.000821671588137	0.00103177878663	0.000716941051514	0.000610426077402	0.000217485863419	0.000607006590357	0.000600727940917	0.00120309797729	0.000140936381317	0.0002100546142	0.000330872995673	0.000246564902607	0.000403551251009	0.000587248322148	0.00041314997344	0.00011572065035	9.65717044906e-05	0.000140075640846	7.79149947407e-05	0.000250678922081	0.000136982548423	0.000579957876744	0.000918685638593	0.00030823606773	0.000580479310059	0.000817479191439	0.000341697810998	0.000251920896838	0.000570225458374	0.000630412422443	0.000159872102318	0.000646691097219	0.000348701088446	0.000798039103916	0.000167982529817	0.000985755828281	0.000128743208796	0.00030149541727	0.000421336479312	0.00019714144899	0.000269735659054	0.000298719241253	0.000264180850662	0.000332535248736	0.000694341119873	3.22695149892e-05	0.000124447763051	0.000335322915968
k__Bacteria;p__Firmicutes;c__Clostridia	0.000641930928232	0.000453982666116	0.000265533722783	6.10426077402e-05	0.000326228795128	0.0	0.000141347750804	0.000150387247161	0.0	0.0	0.0	0.00011207495573	0.000118691544414	0.0	5.90214247772e-05	0.00011572065035	0.000289715113472	0.000140075640846	0.000428532471074	4.17798203468e-05	0.0713405112189	3.0524098776e-05	4.27295645857e-05	0.0	0.000138209359538	0.000148632580262	0.000128136679124	0.000100768358735	0.000131590490394	0.000165898005906	0.0	0.000107781849537	0.0	2.85013965684e-05	3.35965059634e-05	4.92877914141e-05	5.14972835183e-05	0.0	0.0	0.0	0.0	0.0	0.0	0.0	4.95957942766e-05	6.45390299784e-05	0.0	0.0
k__Bacteria;p__Firmicutes;c__Erysipelotrichi	2.56772371293e-05	0.0	7.96601168348e-05	0.0	0.0	0.0	0.0	0.0	0.0	0.0	0.0	0.0	0.0	0.0	0.0	0.0	0.0	0.0	0.0	0.0	0.0	0.0	0.0	0.0	0.0	0.0	0.0	0.0	0.0	0.0	0.0	0.0	0.0	0.0	0.0	0.0	0.0	0.0	0.0	0.0	0.0	0.0	0.0	0.0	0.0	0.0	0.0	0.0
k__Bacteria;p__GAL15;c__	0.0	0.0	0.0	0.0	0.0	0.0	0.0	0.0	0.0	0.0	0.0	0.0	0.000237383088829	0.000188758389262	0.000944342796435	0.0011572065035	0.000193143408981	0.0	0.000233744984222	0.000501357844161	0.000109586038739	6.1048197552e-05	0.000320471734393	0.000164392569456	0.000138209359538	0.000148632580262	0.000128136679124	0.000251920896838	0.000131590490394	0.0	0.0	3.59272831788e-05	7.47216618098e-05	5.70027931369e-05	0.0	0.000147863374242	0.0	0.0	8.42672958625e-05	3.28569081649e-05	0.0	3.73399051566e-05	3.77401215232e-05	0.0	4.95957942766e-05	3.22695149892e-05	3.11119407629e-05	0.0
k__Bacteria;p__Gemmatimonadetes;c__Gemm-1	0.000256772371293	8.25423029303e-05	0.000424853956452	0.0	0.000434971726838	0.000173430454388	7.0673875402e-05	0.000300774494323	0.000394621867689	0.000186715212622	2.54517688979e-05	0.000201734920315	0.0041542040545	0.00111157718121	0.0152865490173	0.0039345021119	0.00231772090777	0.000630340383807	0.0038178347423	0.00208899101734	0.00221911728446	0.00109886755594	0.00183737127719	0.00133568962683	0.00132680985156	0.000990883868411	0.000747463961559	0.00324977956922	0.000526361961576	0.000398155214174	0.000359712230216	0.000574836530862	0.00159406211861	0.000684033517642	0.00188140433395	0.000714672975504	0.000102994567037	0.000422093584178	0.000421336479312	0.000459996714309	0.00031469160223	0.00033605914641	0.00083028267351	0.000133014099495	0.000272776868522	0.000580851269805	0.000528902992969	0.00083830728992
k__Bacteria;p__Gemmatimonadetes;c__Gemmatimonadetes	0.00177172936192	0.00119686339249	0.00175252257037	0.00152606519351	0.00250108742932	0.00242802636143	0.00530054065515	0.00203022783668	0.0032415367703	0.00249731596882	0.00391957241028	0.00351915360993	0.0130085932678	0.00700503355705	0.016171870389	0.0239541746225	0.00936745533559	0.005462949993	0.0122326541743	0.00998537706288	0.0115887235966	0.0132474588688	0.0150621715165	0.00824017754398	0.0105315531968	0.00983452239398	0.00854244527496	0.0134273838015	0.00758838494605	0.00474468296891	0.00543565147882	0.0069698929367	0.00792049615183	0.00495924300291	0.00792877540736	0.0113854798166	0.00303833972758	0.00283405692233	0.00446616668071	0.00397568588796	0.00373134328358	0.00444344871364	0.00328339057252	0.0036578877361	0.00252938550811	0.00174255380942	0.00230228361645	0.00204546978741
k__Bacteria;p__NKB19;c__TSBW08	0.0	0.0	0.0	0.0	0.0	0.0	0.0	0.0	0.0	0.0	0.0	0.0	4.74766177658e-05	0.0	0.0	0.0	0.0	0.0	0.0	0.0	0.0	0.0	0.0	0.0	0.0	0.0	0.0	0.0	0.0	0.0	0.0	0.0	0.0	0.0	0.0	0.0	0.0	0.0	0.0	0.0	0.0	0.0	0.0	0.0	0.0	0.0	0.0	0.0
k__Bacteria;p__Nitrospirae;c__Nitrospira	0.000102708948517	0.000123813454395	0.000212426978226	0.000244170430961	0.0	8.67152271939e-05	0.0	7.51936235807e-05	0.000197310933844	7.00182047332e-05	5.09035377959e-05	4.48299822922e-05	0.00370317618573	0.00167785234899	0.00743669952193	0.00196725105595	0.000386286817962	0.000140075640846	0.000662277455296	0.00137873407144	0.000273965096847	0.000824150666952	0.000534119557322	0.000328785138912	0.000525195566244	0.000222948870392	0.000149492792312	0.000629802242096	0.000350907974384	6.63592023624e-05	3.99680255795e-05	0.000287418265431	0.000647587735685	0.00037051815539	0.000873509155048	0.000517521809848	7.72459252774e-05	0.0	0.00033706918345	3.28569081649e-05	0.000134867829527	7.46798103133e-05	3.77401215232e-05	0.0	9.91915885533e-05	0.000290425634903	0.000311119407629	0.000167661457984
k__Bacteria;p__OD1;c__Mb-NB09	0.0	0.0	0.0	0.0	0.0	0.0	0.0	0.0	0.0	0.0	0.0	0.0	0.0	0.0	0.0	0.0	0.0	0.0	0.0	0.0	0.0	0.0	0.0	0.0	0.0	0.0	0.0	0.0	0.0	0.0	0.0	0.0	7.47216618098e-05	0.0	0.0	0.0	0.0	0.0	0.0	0.0	0.0	0.0	0.0	0.0	0.0	0.0	0.0	0.0
k__Bacteria;p__OD1;c__SM2F11	0.0	0.0	0.0	0.0	0.0	0.0	0.0	0.0	0.0	0.0	0.0	0.0	4.74766177658e-05	0.0	0.0	0.0	0.0	0.0	7.79149947407e-05	0.0	0.0	0.0	6.40943468786e-05	0.0	0.0	0.0	0.0	0.0	0.0	0.0	0.0	0.0	0.0	2.85013965684e-05	0.000134386023854	2.4643895707e-05	0.0	0.0	0.0	9.85707244948e-05	0.0	0.0	0.0	0.0	2.47978971383e-05	3.22695149892e-05	0.0	0.0
k__Bacteria;p__OD1;c__ZB2	0.0	0.0	0.0	0.0	0.0	0.0	0.0	0.0	0.0	0.0	0.0	4.48299822922e-05	9.49532355315e-05	0.0	0.0	0.0	0.0	0.0	3.89574973704e-05	0.0	0.0	3.0524098776e-05	0.0	0.0	0.0	0.0	0.0	0.0	0.0	0.0	7.99360511591e-05	0.0	0.0	0.0	3.35965059634e-05	0.0	0.0	0.000120598166908	0.0	0.0	0.0	0.0	0.0	0.0	0.0	0.0	0.0	0.0
k__Bacteria;p__OP3;c__koll11	0.0	0.0	0.0	0.0	0.0	8.67152271939e-05	0.0	0.0	0.0	2.33394015777e-05	2.54517688979e-05	0.0	0.0	0.0	0.0	0.0	0.0	0.0	0.0	0.0	0.0	0.0	0.0	0.0	2.76418719076e-05	2.47720967103e-05	0.0	2.51920896838e-05	0.0	0.0	3.99680255795e-05	0.0	0.0	0.0	0.0	2.4643895707e-05	0.0	6.02990834539e-05	0.0	0.0	0.0	0.0	0.0	0.0	0.0	0.0	3.11119407629e-05	3.35322915968e-05
k__Bacteria;p__Planctomycetes;Other	0.0	0.0	0.0	0.0	0.0	0.0	0.0	0.0	0.0	0.0	0.0	0.0	0.0	0.0	0.0	0.0	0.0	0.0	0.0	8.35596406935e-05	0.0	0.0	0.0	0.0	0.0	0.0	0.0	0.0	0.0	0.0	0.0	0.0	0.0	0.0	0.0	0.0	0.0	0.0	0.0	0.0	0.0	0.0	0.0	0.0	0.0	0.0	0.0	0.0
k__Bacteria;p__Planctomycetes;c__BD7-11	7.70317113879e-05	0.0	0.0	6.10426077402e-05	0.0	8.67152271939e-05	0.0	0.0	2.81872762635e-05	2.33394015777e-05	2.54517688979e-05	6.72449734382e-05	2.37383088829e-05	0.0	0.0	0.0	0.0	0.0	0.0	0.0	2.73965096847e-05	0.0	0.0	0.0	0.0	0.0	0.0	5.03841793677e-05	8.77269935959e-05	0.0	3.99680255795e-05	3.59272831788e-05	4.98144412065e-05	2.85013965684e-05	0.00010078951789	7.39316871211e-05	2.57486417591e-05	0.0	0.0	9.85707244948e-05	4.49559431757e-05	3.73399051566e-05	0.0	0.0	4.95957942766e-05	3.22695149892e-05	3.11119407629e-05	3.35322915968e-05
k__Bacteria;p__Planctomycetes;c__OM190	0.0	0.0	0.0	0.0	0.0	0.0	0.0	0.0	0.0	0.0	0.0	0.0	4.74766177658e-05	0.0	0.0	5.7860325175e-05	0.0	0.0	0.0	0.0	0.0	0.0	0.0	0.0	2.76418719076e-05	0.0	0.0	0.0	0.0	0.0	0.0	0.0	0.0	0.0	0.0	0.0	0.0	0.0	0.0	0.0	0.0	0.0	0.0	0.0	0.0	0.0	0.0	0.0
k__Bacteria;p__Planctomycetes;c__Phycisphaerae	0.000616253691103	0.00123813454395	0.000849707912905	0.000549383469662	0.00260983036103	0.0027748872702	0.00332167214389	0.00112790435371	0.00109930377428	0.00130700648835	0.00132349198269	0.00121040952189	0.00102074728196	0.000796979865772	0.000944342796435	0.00196725105595	0.00270400772574	0.000910491665499	0.00233744984222	0.00142051389179	0.00139722199392	0.000946247062055	0.00106823911464	0.00127404241328	0.00116095862012	0.0009661117717	0.000811532301121	0.0015619095604	0.000964996929555	0.00195759646969	0.00191846522782	0.000862254796292	0.00191785598645	0.00156757681126	0.00204938686377	0.00118290699394	0.00157066714731	0.00120598166908	0.0013482767338	0.00151141777559	0.000584427261284	0.000896157723759	0.000717062308941	0.000798084596967	0.000867926399841	0.000968085449676	0.000715574637546	0.000938904164711
k__Bacteria;p__Planctomycetes;c__Pla4	0.0	0.0	0.0	0.0	0.0	0.0	0.0	0.0	2.81872762635e-05	0.0	0.0	0.0	0.0	0.0	0.0	0.0	0.0	0.0	0.0	0.0	0.0	0.0	0.0	0.0	2.76418719076e-05	4.95441934205e-05	0.0	0.000125960448419	0.0	0.0	0.0	0.000107781849537	0.000423422750255	8.55041897053e-05	0.00030236855367	0.000123219478535	7.72459252774e-05	0.000120598166908	0.0	6.57138163299e-05	0.0	3.73399051566e-05	0.00011322036457	0.0	2.47978971383e-05	0.000193617089935	0.000466679111443	0.000167661457984
k__Bacteria;p__Planctomycetes;c__Planctomycetia	0.00477596610605	0.00565414775072	0.00440785979819	0.0053107068734	0.00424097433667	0.0042490461325	0.00318032439309	0.004662004662	0.00369253319052	0.00541474116604	0.00320692288114	0.00493129805214	0.00268242890376	0.00190855704698	0.00283302838931	0.00248799398253	0.00338000965717	0.00168090769015	0.00366200475281	0.00275746814289	0.0021369277554	0.00274716888984	0.00228603170534	0.00119184612855	0.00251541034359	0.00252675386445	0.00183662573412	0.00193979090566	0.00307044477586	0.00298616410631	0.00215827338129	0.00283825537113	0.00286433036937	0.00330616200194	0.00295649252478	0.00332692592045	0.00345031799573	0.00325615050651	0.00219094969242	0.00243141120421	0.00422585865851	0.00388335013629	0.00411367324603	0.00266028198989	0.00277736447949	0.00300106489399	0.00295563437247	0.00348735832607
k__Bacteria;p__Planctomycetes;c__vadinHA49	0.0	4.12711514651e-05	0.0	6.10426077402e-05	0.0	0.0	0.0	0.0	2.81872762635e-05	0.0	0.0	0.0	7.12149266486e-05	0.0	0.0	0.0	0.0	0.0	0.0	4.17798203468e-05	0.0	3.0524098776e-05	6.40943468786e-05	0.0	8.29256157227e-05	0.0	2.13561131874e-05	0.000100768358735	0.0	3.31796011812e-05	0.0	0.0	7.47216618098e-05	8.55041897053e-05	0.00020157903578	2.4643895707e-05	5.14972835183e-05	0.0	0.0	0.000164284540825	4.49559431757e-05	0.0	0.0	0.0	2.47978971383e-05	6.45390299784e-05	3.11119407629e-05	0.000134129166387
k__Bacteria;p__Proteobacteria;Other	0.000102708948517	8.25423029303e-05	0.0	0.00012208521548	0.0	8.67152271939e-05	7.0673875402e-05	0.000300774494323	5.6374552527e-05	0.000140036409466	0.00012725884449	2.24149911461e-05	0.000189906471063	4.19463087248e-05	0.0	0.0	0.000386286817962	0.000490264742961	0.000233744984222	0.0	0.000109586038739	0.000122096395104	2.13647822929e-05	0.00020549071182	0.000221134975261	0.000445897740785	6.40683395622e-05	0.000277112986522	0.000131590490394	3.31796011812e-05	0.000119904076739	0.000179636415894	0.00014944332362	0.000171008379411	0.0	0.000271082852777	2.57486417591e-05	0.0	0.0	6.57138163299e-05	0.000224779715878	0.00011201971547	0.000150960486093	6.65070497473e-05	4.95957942766e-05	6.45390299784e-05	0.00021778358534	0.0
k__Bacteria;p__Proteobacteria;c__Alphaproteobacteria	0.343843882398	0.333140734626	0.345061072756	0.362043706507	0.259678120922	0.283472077697	0.300788013711	0.301300849688	0.296220086253	0.310717453205	0.273250190888	0.272431802389	0.307577268195	0.35625	0.287847488638	0.268182607186	0.259874456784	0.259840313769	0.221746075032	0.242573636933	0.236760636695	0.2917798602	0.326325684741	0.28546769686	0.326671642204	0.325554894966	0.294778430326	0.291069404207	0.302570400912	0.29636019775	0.259472422062	0.319070201911	0.262248125732	0.307074046628	0.26749538048	0.337054561585	0.269639776502	0.261456825856	0.258532063706	0.265319533432	0.33366301025	0.266457563198	0.312601426577	0.279928172386	0.270545057779	0.265997612056	0.273473959306	0.29022198377
k__Bacteria;p__Proteobacteria;c__Betaproteobacteria	0.025215046861	0.0209657449443	0.03053637812	0.024661213527	0.0184862983906	0.0284425945196	0.0223682815647	0.0245883149109	0.0212250190264	0.0191849880969	0.0348943751591	0.024544415305	0.0626691354508	0.025985738255	0.0653367172284	0.0458253775386	0.0418155480444	0.0155483961339	0.0558650512291	0.0331731773553	0.0286567491302	0.024388754922	0.0274964748109	0.0152063126747	0.0253475965392	0.0271997621879	0.0238974906567	0.0167527396398	0.029739450829	0.0221971531902	0.0241806554756	0.034346482719	0.0355675110214	0.0259362708773	0.0292625566941	0.0293262358914	0.0185132734248	0.0229739507959	0.0242689812084	0.0219812715623	0.0231972666787	0.0237481796796	0.0249462203268	0.025538707103	0.0238307791499	0.0250088741166	0.0284363138573	0.0246462343237
k__Bacteria;p__Proteobacteria;c__Deltaproteobacteria	0.0223648735396	0.0208832026414	0.027004779607	0.0230741057258	0.0215311004785	0.0221123829344	0.0220855860631	0.0299270621851	0.027172534318	0.0271670634365	0.0201578009672	0.0334431667899	0.0345867160423	0.0171770134228	0.0346455763442	0.0384771162414	0.0244326412361	0.0112760890881	0.026607970704	0.0254439105912	0.0244376866387	0.0248466164037	0.0287783617485	0.0197887555482	0.0310141802803	0.0334671026556	0.0246663107314	0.0335810555486	0.0314501272041	0.0329805235741	0.0300159872102	0.0274843716318	0.035467882139	0.0364817876076	0.0465311607593	0.0337621371186	0.0295851893813	0.0252653159672	0.0255329906463	0.0285855101035	0.0267937421327	0.0280049288675	0.0276635090765	0.0218143123171	0.0318157020285	0.0341734163736	0.0342542467799	0.033096371806
k__Bacteria;p__Proteobacteria;c__Gammaproteobacteria	0.0460136089357	0.0288898060256	0.0395645246946	0.0405322915395	0.042301000435	0.045612209504	0.0415562387364	0.0255658320174	0.0490740479747	0.0481025066517	0.0601170781369	0.0472956313182	0.0693870768646	0.0613255033557	0.0609101103701	0.0638777989932	0.0759053597296	0.0801933043844	0.0985235108497	0.0663045748903	0.0807923070601	0.0716400598272	0.0682177498611	0.0878883774453	0.0729468999641	0.0675535077289	0.0773091297384	0.0699836251417	0.0839547328713	0.0854706526428	0.0838529176659	0.0678666379248	0.0768885900022	0.0732770905774	0.0933646900722	0.0718123120903	0.0807734891984	0.0707308248915	0.0907558776439	0.0688352226056	0.0552058982197	0.0702363615996	0.0719704117447	0.0839984038308	0.105341467044	0.0783826519087	0.0730197249704	0.0840319227416
k__Bacteria;p__Proteobacteria;c__TA18	5.13544742586e-05	0.0	0.0	0.0	0.0	0.0	0.0	0.0	0.0	0.0	0.0	0.0	2.37383088829e-05	0.0	0.0	5.7860325175e-05	0.0	0.0	0.0	0.0	0.0	0.0	0.0	0.0	2.76418719076e-05	2.47720967103e-05	0.0	0.0	0.0	0.0	0.0	0.0	0.0	2.85013965684e-05	3.35965059634e-05	2.4643895707e-05	2.57486417591e-05	0.0	0.0	0.0	0.0	0.0	0.0	0.0	0.0	0.0	0.0	0.0
k__Bacteria;p__Spirochaetes;c__Spirochaetes	0.0	0.0	0.0	0.0	0.0	0.0	0.0	0.0	0.0	0.0	0.0	0.0	0.00016616816218	2.09731543624e-05	0.000354128548663	5.7860325175e-05	0.0	0.0	0.0	0.0	8.2189529054e-05	9.1572296328e-05	0.0	4.1098142364e-05	0.000248776847168	0.000173404676972	2.13561131874e-05	0.000100768358735	0.000131590490394	6.63592023624e-05	7.99360511591e-05	0.000107781849537	9.9628882413e-05	5.70027931369e-05	0.00020157903578	0.000197151165656	0.0	0.0	0.0	6.57138163299e-05	0.0	0.0	0.0	0.0	2.47978971383e-05	3.22695149892e-05	0.0	0.0
k__Bacteria;p__Spirochaetes;c__[Brevinematae]	0.0	0.0	0.0	0.0	0.0	0.0	0.0	0.0	0.0	0.0	0.0	0.0	0.0	0.0	0.0	0.0	0.0	0.0	0.0	0.0	0.0	0.0	0.0	0.0	0.0	0.0	0.0	0.0	0.0	0.0	0.0	0.0	0.0	0.0	0.0	0.0	0.0	0.0	0.0	0.0	0.0	0.0	0.0	0.0	0.0	0.0	0.000124447763051	0.0
k__Bacteria;p__TM6;c__SBRH58	0.0	0.0	0.0	0.0	0.0	0.0	0.0	0.0	5.6374552527e-05	9.3357606311e-05	7.63553066938e-05	2.24149911461e-05	2.37383088829e-05	0.0	0.0	0.0	9.65717044906e-05	0.0	0.0	0.0	0.0	3.0524098776e-05	0.0	6.16472135459e-05	0.0	4.95441934205e-05	2.13561131874e-05	2.51920896838e-05	0.0	3.31796011812e-05	3.99680255795e-05	0.0	9.9628882413e-05	8.55041897053e-05	0.00010078951789	2.4643895707e-05	0.000102994567037	0.0	0.0	3.28569081649e-05	0.0	3.73399051566e-05	0.000150960486093	6.65070497473e-05	7.4393691415e-05	9.68085449676e-05	0.0	3.35322915968e-05
k__Bacteria;p__TM6;c__SJA-4	0.000205417897034	0.000123813454395	0.000132766861391	0.00012208521548	0.000326228795128	0.000173430454388	0.000141347750804	0.000150387247161	0.000761056459114	0.000536806236288	0.00073810129804	0.000425884831775	0.000664672648721	0.000293624161074	0.000590214247772	0.0006943239021	0.00125543215838	0.000350189102115	0.000973937434259	0.000626697305202	0.000493137174324	0.000213668691432	0.000405930863565	0.000390432352458	0.000608121181966	0.000495441934205	0.000277629471436	0.000554225973044	0.000307044477586	0.00082949002953	0.000559552358114	0.000179636415894	0.00092156716232	0.00037051815539	0.000739123131194	0.000468234018434	0.00030898370111	0.000542691751085	0.000505603775175	0.00026285526532	0.000179823772703	0.00011201971547	0.000188700607616	0.000465549348231	0.000272776868522	0.00038723417987	0.00043556717068	0.000301790624371
k__Bacteria;p__TM7;c__	0.0	0.0	0.0	0.0	0.0	0.0	0.0	0.0	0.0	0.0	0.0	0.0	0.0	0.0	0.0	0.0	0.0	0.0	0.0	0.0	0.0	0.0	2.13647822929e-05	0.0	0.0	0.0	0.0	0.0	0.0	0.0	0.0	0.0	0.0	0.0	0.0	0.0	0.0	0.0	0.0	0.0	0.0	0.0	0.0	0.0	2.47978971383e-05	0.0	0.0	0.0
k__Bacteria;p__TM7;c__SC3	0.0	4.12711514651e-05	7.96601168348e-05	0.0	0.0	8.67152271939e-05	7.0673875402e-05	7.51936235807e-05	2.81872762635e-05	7.00182047332e-05	0.0	4.48299822922e-05	0.00049850448654	2.09731543624e-05	0.000236085699109	0.0006943239021	9.65717044906e-05	7.0037820423e-05	0.000272702481593	0.000292458742427	0.000164379058108	0.000122096395104	0.000106823911464	0.00010274535591	0.000304060590983	0.000297265160523	8.54244527496e-05	0.000201536717471	0.0	9.95388035436e-05	0.0	0.000251490982252	0.000323793867842	0.000256512569116	0.000167982529817	0.000123219478535	0.000154491850555	0.000120598166908	0.000252801887587	0.00013142763266	0.000134867829527	0.0	7.54802430464e-05	0.000199521149242	0.000272776868522	0.000129078059957	0.000248895526103	0.000469452082355
k__Bacteria;p__TM7;c__TM7-1	0.000333804082681	0.000330169211721	0.000265533722783	0.00012208521548	0.0	0.000607006590357	0.000812749567123	0.000375968117904	0.000197310933844	0.000443448629977	0.000839908373632	0.000694864725528	0.000712149266486	0.000167785234899	0.000708257097326	0.000520742926575	0.000579430226944	0.000840453845076	0.00120768241848	0.00116983496971	0.000630119722747	0.000274716888984	0.000277742169807	0.000369883281276	0.000414628078613	0.000173404676972	0.000213561131874	0.000352689255574	0.000526361961576	0.000165898005906	0.000759392486011	0.000359272831788	0.000597773294478	0.000256512569116	0.000470351083487	0.000320370644191	0.000411978268146	0.000542691751085	0.000421336479312	0.000295712173484	0.000134867829527	0.00033605914641	0.000226440729139	0.000266028198989	0.000371968457075	0.000968085449676	0.000840022400597	0.000570048957146
k__Bacteria;p__TM7;c__TM7-3	0.0	0.0	0.0	0.0	0.0	0.0	0.0	0.0	0.0	0.0	0.0	6.72449734382e-05	0.0	0.0	0.0	0.0	0.0	0.0	0.0	0.0	2.73965096847e-05	3.0524098776e-05	0.0	0.0	0.0	0.0	0.0	0.0	0.0	0.0	0.0	0.0	2.49072206033e-05	0.0	0.0	0.0	0.0	6.02990834539e-05	0.0	0.0	0.0	0.0	0.0	6.65070497473e-05	4.95957942766e-05	0.0	6.22238815257e-05	0.0
k__Bacteria;p__Tenericutes;c__Mollicutes	0.0	0.0	0.0	0.0	0.0	0.0	0.0	0.000150387247161	0.0	0.0	0.00012725884449	0.0	0.0	0.000230704697987	0.0	5.7860325175e-05	0.0	0.0	0.0	0.0	2.73965096847e-05	3.0524098776e-05	4.27295645857e-05	0.0	8.29256157227e-05	0.0	0.000149492792312	0.0	0.0	3.31796011812e-05	3.99680255795e-05	0.0	0.0	0.0	0.0	0.0	0.0	0.0	0.0	0.0	0.0	0.0	0.0	0.0	0.0	0.0	0.0	0.0
k__Bacteria;p__Verrucomicrobia;Other	0.000256772371293	8.25423029303e-05	0.000318640467339	0.000244170430961	0.0	0.0	3.5336937701e-05	0.000150387247161	0.000197310933844	0.000163375811044	7.63553066938e-05	2.24149911461e-05	0.000261121397712	0.000104865771812	0.000472171398218	0.000289301625875	0.000289715113472	0.0	0.0	0.000292458742427	0.0	9.1572296328e-05	8.54591291715e-05	2.0549071182e-05	0.000138209359538	9.90883868411e-05	0.0	0.000176344627787	4.3863496798e-05	0.000165898005906	7.99360511591e-05	0.000179636415894	0.000498144412065	0.000285013965684	0.000403158071561	0.000295726748484	0.000437726909906	0.000180897250362	8.42672958625e-05	0.000492853622474	0.000224779715878	0.00033605914641	7.54802430464e-05	0.0	9.91915885533e-05	3.22695149892e-05	9.33358222886e-05	0.0
k__Bacteria;p__Verrucomicrobia;c__Opitutae	0.000564899216844	0.000412711514651	0.000371747211896	0.000366255646441	0.000108742931709	0.000346860908776	0.00070673875402	0.000751936235807	0.00126842743186	0.000910236661532	0.000814456604734	0.000784524690113	0.00116317713526	0.000587248322148	0.000708257097326	0.0011572065035	0.00173829068083	0.000840453845076	0.000896022439518	0.000835596406935	0.00131503246486	0.000549433777968	0.000576849121907	0.00106855170146	0.00149266108301	0.000817479191439	0.00123865456487	0.00108325985641	0.000745679445565	0.00116128604134	0.00267785771383	0.000898182079471	0.00146952601559	0.00159607820783	0.00171342180413	0.000862536349746	0.00128743208796	0.00114568258562	0.00185388050897	0.00170855922458	0.00103398669304	0.00056009857735	0.0011322036457	0.0012636339452	0.00133908644547	0.0011939720546	0.0019289403273	0.00140835624707
k__Bacteria;p__Verrucomicrobia;c__Verrucomicrobiae	0.000256772371293	0.000165084605861	0.00015932023367	0.0	0.0	8.67152271939e-05	0.000176684688505	7.51936235807e-05	0.000169123657581	4.66788031555e-05	7.63553066938e-05	6.72449734382e-05	0.000308598015477	0.000251677852349	0.000118042849554	0.00011572065035	0.000289715113472	0.000280151281692	0.000428532471074	0.000208899101734	0.000164379058108	6.1048197552e-05	8.54591291715e-05	0.000123294427092	8.29256157227e-05	9.90883868411e-05	6.40683395622e-05	0.000176344627787	0.00021931748399	3.31796011812e-05	0.000159872102318	7.18545663577e-05	0.000298886647239	0.000142506982842	0.000167982529817	0.000147863374242	2.57486417591e-05	0.0	0.0	9.85707244948e-05	0.0	3.73399051566e-05	0.00011322036457	6.65070497473e-05	0.0	0.0	6.22238815257e-05	0.0
k__Bacteria;p__Verrucomicrobia;c__[Methylacidiphilae]	0.0016690204134	0.00103177878663	0.00124800849708	0.00177023562447	0.0022836015659	0.00303503295179	0.00314498745539	0.00180464696594	0.00259322941624	0.00282406759091	0.00473402901502	0.00381054849483	0.000925794046432	0.00111157718121	0.00141651419465	0.00179367008043	0.00231772090777	0.003641966662	0.00163621488956	0.00238144975977	0.00194515218761	0.00125148804982	0.000918685638593	0.00217820154529	0.00160322857064	0.00089179548157	0.00328884143086	0.00163748582945	0.0021493113431	0.00258800889213	0.00415667466027	0.00179636415894	0.00333756756084	0.0026221284843	0.00359482613808	0.00133077036818	0.00455750959137	0.00373854317414	0.00547737423106	0.00239855429604	0.00229275310196	0.00257645345581	0.00200022644073	0.00392391593509	0.00235580022814	0.00442092355352	0.00289341049095	0.00445979478238
k__Bacteria;p__Verrucomicrobia;c__[Pedosphaerae]	0.0130183592245	0.00961617829137	0.0113913967074	0.0131852032719	0.00543714658547	0.00745750953867	0.00742075691721	0.0106774945485	0.0119514051357	0.0135601923167	0.0103079664037	0.0121713401923	0.0163082182025	0.0114723154362	0.0165259989376	0.0175895388532	0.0143891839691	0.0134472615212	0.0173360863298	0.0140380196365	0.015287252404	0.0130337901773	0.0105114728881	0.0142610554003	0.0161981369378	0.0197929052715	0.014586225307	0.0192719486081	0.0156592683569	0.0176183682272	0.0243005595524	0.0117841488827	0.0195770753942	0.0200934845807	0.0243910633294	0.0168564246636	0.0158611633236	0.0123613121081	0.0168534591725	0.0177427304091	0.00836180543068	0.0140771442441	0.0117371777937	0.00851290236765	0.0112334474037	0.0122624156959	0.0118847613714	0.0136476426799
k__Bacteria;p__Verrucomicrobia;c__[Spartobacteria]	0.0457054820901	0.0594304581098	0.0531332979288	0.0614088633866	0.0252283601566	0.0256677072494	0.0199653698011	0.0831641476803	0.0255940468473	0.04023712832	0.0210995164164	0.0353036110551	0.010136257893	0.0110738255034	0.00666942099982	0.00815830584968	0.015548044423	0.00504272307046	0.015466126456	0.0128264048465	0.00849291800225	0.0115381093373	0.00828953552963	0.00897994410653	0.00591536058822	0.00720868014269	0.00783769353978	0.00798589242978	0.0109658741995	0.016656159793	0.00875299760192	0.00811956599842	0.0118060225659	0.0146497178362	0.0109188644381	0.010350436197	0.0255426526251	0.0350940665702	0.0195500126401	0.0203384261541	0.0265240064737	0.0253911355065	0.0231346944937	0.0159616919393	0.0264345583495	0.0191035528736	0.0275340675751	0.0269264301522
k__Bacteria;p__WPS-2;c__	0.00233662857876	0.00214609987619	0.00286776420605	0.00347942864119	0.00935189212701	0.0100589663545	0.00600727940917	0.00270697044891	0.00580657891028	0.00452784390608	0.0074319165182	0.00430367830005	0.00230261596164	0.00549496644295	0.00295107123886	0.0100098362553	0.00946402704008	0.0175794929262	0.0111808017453	0.00726968874034	0.00939700282184	0.00659320533561	0.00901593812759	0.0088977478218	0.00422920640186	0.00574712643678	0.00662039508809	0.00720493764958	0.00390385121502	0.00321842131458	0.00467625899281	0.00427534669828	0.0038357119729	0.00256512569116	0.00272131698303	0.00450983291439	0.00373355305508	0.0030149541727	0.00446616668071	0.00371283062264	0.00467541809027	0.00392069004145	0.00641582065894	0.00631816972599	0.0032981203194	0.00406595888864	0.00336008960239	0.00285024478573
k__Bacteria;p__WS3;c__PRR-12	0.0	0.0	0.0	0.0	0.0	0.0	0.0	0.0	0.0	0.0	0.0	0.0	0.000973270664198	0.0	0.00265596411497	0.0	0.0	0.0	0.0	4.17798203468e-05	0.0	0.0	0.0	0.0	2.76418719076e-05	0.0	0.0	0.0	0.0	0.0	0.0	0.0	2.49072206033e-05	5.70027931369e-05	3.35965059634e-05	0.0	0.0	0.0	0.0	0.0	0.0	0.0	0.0	0.0	0.0	0.0	0.0	0.0
k__Bacteria;p__WS4;c__	0.0	0.0	0.0	0.0	0.0	0.0	0.0	0.0	0.0	0.0	0.0	0.0	0.0	0.0	0.0	0.0	0.0	0.0	0.0	0.0	0.0	0.0	0.0	0.0	0.000138209359538	0.000123860483551	0.0	0.0	0.0	0.0	0.0	0.0	0.0	0.0	0.0	0.0	0.0	0.0	0.0	0.0	0.0	0.0	0.0	0.0	0.0	0.0	0.0	0.0
